Number of generations: 500
Total run time: 1257 seconds
gen_num, champ_fit, average_fit, std_fit, champ_cppn_con, champ_ann_con, mean_genetic_dist, std_genetic_dist  
0,0.5572107700312887,0.5572107700312894,6.661338147750939e-16,0,2,0.542713567839196,0.1893779114192087
1,0.7878867542859525,0.5595175298738361,0.022951970637559483,1,3,0.8882747068676717,0.5544135481577942
2,0.8153708997437459,0.5897862043800214,0.08078083252087256,1,4,1.9860034453057667,1.0087046932153978
3,0.8653120147185952,0.7142845709403867,0.10825839217487804,1,4,2.2468091998704143,1.1735626707672735
4,0.8653120147185952,0.7136980762998084,0.10882251495889377,1,4,2.321301344965474,1.2250483404383463
5,0.8731010903847759,0.712284974049627,0.11729088234812252,1,4,2.3158446712018055,1.2718687131508535
6,0.8731010903847759,0.6951913482617907,0.11679536119084913,1,4,2.32226463104327,1.2705744073008272
7,1.01,0.7287555513412265,0.12899037551671655,1,5,2.3260042112082875,1.2588457618736955
8,1.01,0.6957438306248817,0.14012119203129375,1,5,2.3356301106301065,1.2740459703830789
9,1.01,0.7080856954233548,0.12821490460796314,1,5,2.342054404459001,1.2846227745679542
10,1.01,0.6969405443992536,0.132108148895767,1,5,2.3645909645909673,1.3089495887760847
11,1.1527335243599182,0.6820926331776932,0.1433451896523641,1,5,2.35222646310435,1.32642206260099
12,1.1527335243599182,0.678040012952353,0.14477526392754725,1,5,2.3699701877367025,1.3039300407401315
13,1.1527335243599182,0.6887698044661055,0.13950558390358597,1,5,2.3700732600732786,1.311177225869993
14,1.1527335243599182,0.7071385861547745,0.13878086047441332,1,5,2.3802384940576102,1.3067726756443423
15,1.1527335243599182,0.6897133610352957,0.13881154359304115,1,5,2.3805172830553727,1.3071558063410755
16,1.1527335243599182,0.7168888855416331,0.14016996591089828,1,5,2.3825927286081696,1.2954155010491555
17,1.1527335243599182,0.6838310013078561,0.14086157571656188,1,5,2.406315885132711,1.321983534726786
18,1.1527335243599182,0.6814723494601144,0.14031735203598794,1,5,2.4353689567430234,1.347156628283058
19,1.1527335243599182,0.7111619324808897,0.139465219018651,1,5,2.3835423482370177,1.2785915728643258
20,1.1527335243599182,0.7090942399163138,0.13679654564969684,1,5,2.416750418760476,1.3306131744281422
21,1.1527335243599182,0.6770360372667008,0.14106778452650648,1,5,2.43964225284023,1.3689246072730876
22,1.1527335243599182,0.6949189144676049,0.13241653188402994,1,5,2.426082794927025,1.3429070218709058
23,1.1527335243599182,0.7036502142827376,0.13434051454428517,1,5,2.433309161227949,1.3526657104412925
24,1.1527335243599182,0.7155622860073472,0.14150222072294566,1,5,2.416214896214904,1.3489051877431113
25,1.1527335243599182,0.6836635792805441,0.1475395406475958,1,5,2.422646310432592,1.3673663397073739
26,1.2872335724873842,0.723306358823943,0.1526943774963699,1,5,2.415785641473741,1.3526426030525185
27,1.2872335724873842,0.7070615110693582,0.14893005110184357,1,5,2.426734348561769,1.3607902202837683
28,1.2872335724873842,0.696807375648077,0.1637596322306625,1,5,2.419287513494083,1.352788099086103
29,1.2872335724873842,0.7092968522247559,0.14133351221020712,1,5,2.420138131588532,1.337259702176258
30,2.01,0.7226707260078488,0.20979029801485877,1,5,2.383750788796682,1.3351980645989743
31,2.01,0.7041512194636416,0.1996404170028156,1,5,2.3952140694825124,1.3669600672908586
32,2.01,0.735882799021958,0.2345863899108108,1,5,2.391903305664799,1.3681542568646936
33,2.01,0.6969726027978694,0.19810004548480964,1,5,2.409160305343531,1.349539514034179
34,2.01,0.6987134997104638,0.20227280370820136,1,5,2.390518599297242,1.3372586306034888
35,2.01,0.7093494120464343,0.19164111583481824,1,5,2.359637404580167,1.2894086996953498
36,2.01,0.7168848316505045,0.1960586608782657,1,5,2.4378009906331384,1.3173647344134636
37,2.01,0.670342549940574,0.19355550175252112,1,5,2.417161788262716,1.29666335288304
38,3.1753488201776228,0.7324112545784118,0.31597391399457664,1,5,2.4521600392734575,1.3565536527041577
39,3.1753488201776228,0.70685548307092,0.2900147449755363,1,5,2.450558794946568,1.3579359906428794
40,3.1753488201776228,0.7300927446196058,0.27707557191899707,1,5,2.4539115646258636,1.3556890731017492
41,3.1753488201776228,0.7003423377717977,0.2897028591095842,1,5,2.5015424164524567,1.3407965580782844
42,3.1753488201776228,0.7362176950466787,0.2839923187038864,1,5,2.4874035989717327,1.342198008354823
43,3.1753488201776228,0.7210204268520847,0.2896744491852934,1,5,2.4858354537744,1.3234180940981846
44,3.1753488201776228,0.7432938987765878,0.2936553974191844,1,5,2.488245172124278,1.3298339150427305
45,3.1753488201776228,0.7141362024676757,0.29063726847237925,1,5,2.5044953350296884,1.3566069151953932
46,3.1753488201776228,0.7291486694610172,0.2960481133082256,1,5,2.5210796915167157,1.382146776271809
47,3.1753488201776228,0.717153957620055,0.294927286575134,1,5,2.5100257069408776,1.3738471158225478
48,3.1753488201776228,0.7309372411750256,0.2852704825027724,1,5,2.513925872616052,1.3223466858400843
49,3.1753488201776228,0.7143615124879442,0.2856195527371795,1,5,2.466527079843665,1.3319265323878373
50,3.1753488201776228,0.7389694942385113,0.2943803996675872,1,5,2.4644846370424864,1.349391617169711
51,3.1753488201776228,0.7099999385291376,0.29341264150489643,1,5,2.5509437032216162,1.2510686978715226
52,3.1753488201776228,0.7116311065661404,0.2983766804179773,1,5,2.5802503980315645,1.2259514084224183
53,3.1753488201776228,0.7201655877180116,0.28358764002710685,1,5,2.605307791475312,1.1630751761822684
54,3.1753488201776228,0.7238457920584866,0.28317963442491534,1,5,2.6439845339845247,1.1535435854145102
55,3.1753488201776228,0.7655495309756718,0.2719414729913724,1,5,2.5756979695431697,1.147144977613285
56,3.1753488201776228,0.717848510082143,0.28546771091922307,1,5,2.4786640211640307,1.1528392493588488
57,3.1753488201776228,0.7244905778074994,0.2818408974376116,1,5,2.4773463573463674,1.1532416076678333
58,3.1753488201776228,0.7386598996282866,0.28715183594269533,1,5,2.489480098299908,1.1587562312256636
59,3.1753488201776228,0.74395074465947,0.2883773657912837,1,5,2.488089133089156,1.1474697892852126
60,3.1753488201776228,0.7230023875627822,0.2955850630883296,1,5,2.516010488993948,1.181600171983298
61,3.1753488201776228,0.7433402744851608,0.29540101274180564,1,5,2.5142758654651125,1.1848749922263384
62,3.1753488201776228,0.6969895175498988,0.30152889075799794,1,5,2.4677481700797954,1.15819514140892
63,3.1753488201776228,0.7430801269546806,0.2858071173676273,1,5,2.483475203552944,1.1494151711756642
64,3.1753488201776228,0.7192307166284931,0.2880652213099491,1,5,2.201345442314163,1.1961889731259479
65,3.1753488201776228,0.714363584818879,0.2826316495263366,1,5,2.2107058766998247,1.1846644737519796
66,3.1753488201776228,0.7338674842532142,0.27797661708894794,1,5,2.2197636212054364,1.1766859172055644
67,3.1753488201776228,0.7228273437303626,0.28590458104082284,1,5,2.2069462647444316,1.184856363815325
68,3.1753488201776228,0.7517721885247517,0.28455812228167515,1,5,2.2111815866609037,1.189804744519299
69,3.1753488201776228,0.717254564062621,0.2938298327689336,1,5,2.2424523088751145,1.1750091933449283
70,3.1753488201776228,0.736778810483928,0.2866938298441657,1,5,1.8018067580567587,1.188885394530443
71,3.1753488201776228,0.7061356950572065,0.2819511947065473,1,5,1.6731321147987812,1.1467857201909717
72,3.1753488201776228,0.7426295918655987,0.27808714699999704,1,5,1.685666185666187,1.1707479574548867
73,3.1753488201776228,0.7294703228041379,0.2797515095976172,1,5,1.774050024050025,1.2023531395137137
74,3.1753488201776228,0.7230876916841916,0.2783977854825752,1,5,1.7163480038480055,1.1873542361939204
75,3.1753488201776228,0.7437442604506427,0.2747829233125973,1,5,1.6759199134199172,1.168670799422832
76,3.1753488201776228,0.7485387881228707,0.27875297860479115,1,5,1.6932539682539691,1.161200432226546
77,3.1753488201776228,0.7343721793072655,0.28541685492599983,1,5,1.679471300304635,1.151761154866109
78,3.1753488201776228,0.7192512266710459,0.28745138860081976,1,5,1.6753968253968268,1.1518702917591501
79,3.34902209913421,0.7432590855326336,0.3858960153279899,1,5,1.6173412029229974,1.1487126650021893
80,3.34902209913421,0.7341609003678482,0.2928309740096447,1,5,1.624300703980307,1.1502665215569758
81,3.34902209913421,0.7376733377115329,0.374495873516185,1,5,1.6203966915602732,1.149388759860749
82,3.34902209913421,0.725268074310584,0.2987795100308929,1,5,1.6784892576559252,1.1403372969337402
83,3.34902209913421,0.7526892180778372,0.2918632161467071,1,5,0.5254845656855708,0.1615536700021498
84,3.34902209913421,0.7697778812201661,0.28713446633455114,1,5,0.5431921512323521,0.16625183909400734
85,3.34902209913421,0.7575907108565033,0.3142488100749062,1,5,0.5208901651112704,0.11697073542136224
86,3.34902209913421,0.7282178518950502,0.3323192038287572,1,5,0.5135678391959798,0.1354940120720885
87,3.34902209913421,0.7319835986951009,0.3017953665125561,1,5,0.5343862167982769,0.13339069603111992
88,3.34902209913421,0.7704537155875459,0.3740121086867495,1,5,0.5178750897343862,0.1161788516585078
89,3.34902209913421,0.7498298251188454,0.29596400757073116,1,5,0.5338119167264895,0.14588401747532426
90,3.34902209913421,0.7583348904534232,0.29365189433964806,1,5,0.5099784637473078,0.07689698892473162
91,3.34902209913421,0.7608277591889947,0.2982991275664909,1,5,0.5319454414931801,0.1728639936747557
92,3.34902209913421,0.7468065239609342,0.2932014756314778,1,5,0.514429289303661,0.0987771602727422
93,3.34902209913421,0.7301106029405412,0.29825939178699573,1,5,0.5059583632447954,0.07466729204704373
94,3.34902209913421,0.7166115805500991,0.2909216511252521,1,5,0.5208901651112706,0.11697073542136215
95,3.34902209913421,0.7273176423070958,0.29916222520985036,1,5,0.5889447236180904,0.22714203118001902
96,3.34902209913421,0.7080543510670733,0.29710524173816033,1,5,0.5605647284039245,0.19518300403609745
97,3.34902209913421,0.6934364413800381,0.2941824706992817,1,5,0.5154343144292893,0.09913332553695797
98,3.34902209913421,0.7669016509217134,0.30224616784484937,1,5,0.5154343144292893,0.09913332553695788
99,3.34902209913421,0.734093392144465,0.29226036992652804,1,5,0.5259152907394113,0.1181078414504992
100,3.34902209913421,0.7271530500016549,0.30735783593179344,1,5,0.513424264178033,0.09840944263672743
101,3.34902209913421,0.7237109757115031,0.2953904066892209,1,5,0.5198851399856425,0.11671602562878415
102,3.34902209913421,0.7389837630024096,0.30352667462688665,1,5,0.5293610911701363,0.132706079197035
103,3.34902209913421,0.7381698794736934,0.3014444999826159,1,5,0.5359655419956924,0.12138607610035015
104,3.34902209913421,0.7705140574018666,0.3038384854859113,1,5,0.5352237377363006,0.14370853347672471
105,3.34902209913421,0.7591210931242357,0.28540173053002954,1,5,0.5164393395549175,0.09947806251369974
106,3.34902209913421,0.7605533826064549,0.292844057018512,1,5,0.5025125628140703,0.041862644421424046
107,3.34902209913421,0.7531769984175506,0.3264276751090604,1,5,0.5099784637473078,0.0768969889247319
108,3.34902209913421,0.7177920925636958,0.30340743817050375,1,5,0.515577889447236,0.13601855738587448
109,3.34902209913421,0.7505180261443742,0.29998098231385106,1,5,0.5208901651112706,0.11697073542136208
110,3.5203656408913147,0.7591913239839861,0.41284984976712397,1,5,0.5179468772433594,0.0921263397953872
111,3.5203656408913147,0.7431657960787139,0.3108758802923818,1,5,0.5288585786073221,0.12681628691375654
112,3.5203656408913147,0.7591932789650584,0.3084865095903897,1,5,0.5179468772433594,0.09212633979538702
113,3.5203656408913147,0.7564055926382853,0.3097776587071531,1,5,0.5330222541277809,0.09709493464013162
114,3.5203656408913147,0.7470712863996518,0.3614352034287397,1,5,0.525412778176597,0.11233196914482375
115,3.5203656408913147,0.7287237480875745,0.31692969714602454,1,5,0.5134960516870062,0.06837246769596675
116,3.5203656408913147,0.7513933287012234,0.3136723306785093,1,5,0.5070351758793967,0.025573890753767727
117,3.5203656408913147,0.7292340702372563,0.30958979715883017,1,5,0.5264178033022251,0.11165069521829489
118,3.5203656408913147,0.7200268163565821,0.3131137245784928,1,5,0.5100502512562811,0.03006688502844552
119,3.5203656408913147,0.7714700882164786,0.35238196276607636,1,5,0.5228762861928689,0.1068337818424232
120,3.5203656408913147,0.7324132888823262,0.325482822093375,1,5,0.5149318018664751,0.09102135267186076
121,3.5203656408913147,0.7496224534767016,0.4091152048060121,1,5,0.5094759511844938,0.06606916110313635
122,3.5203656408913147,0.7564560894266883,0.3074760432582936,1,5,0.5168461354391002,0.10511885681514609
123,3.5203656408913147,0.778894834987987,0.3578115615291604,1,5,0.5364680545585065,0.16887058996814336
124,3.5203656408913147,0.7277173121239592,0.3164919762704178,1,5,0.535463029432878,0.1131842490391302
125,3.5203656408913147,0.7195137198188597,0.3107512160225457,1,5,0.5468054558506815,0.15340726962996337
126,3.5203656408913147,0.7295056933085872,0.31193251007134093,1,5,0.5667085427135672,0.17644551426283386
127,3.5203656408913147,0.7502430014212582,0.36126791388367535,1,5,0.5124910265613781,0.06782631858544648
128,3.5203656408913147,0.7389744527964869,0.30960311646880123,1,5,0.5223977027997126,0.11072538522438398
129,3.5203656408913147,0.7308715151076871,0.3152330263860269,1,5,0.5623115577889439,0.1652324534223735
130,3.5203656408913147,0.7718186252498735,0.3111678977142842,1,5,0.5370423546302934,0.09667866666964556
131,3.5203656408913147,0.7762328660989517,0.3030012411091319,1,5,0.5325915290739404,0.07684583753474183
132,3.5203656408913147,0.7449140665812716,0.3149707869924,1,5,0.5533859775065796,0.1423301821487942
133,3.5203656408913147,0.7456085637334003,0.3092467418171864,1,5,0.5369466379516624,0.11036198420564174
134,3.5203656408913147,0.7693173719555553,0.30759109749062136,1,5,0.5294328786791094,0.11313706859167982
135,3.5203656408913147,0.7391846244227416,0.3144683672974827,1,5,0.5781048097631007,0.2007256288125429
136,3.5203656408913147,0.7613377414129039,0.317813609958257,1,5,0.51148600143575,0.06726072030439938
137,3.5203656408913147,0.7495136541530149,0.32295373518591514,1,5,0.5274228284278532,0.11185825435622965
138,3.5203656408913147,0.7570220333967577,0.3171051245546938,1,5,0.5399617133285468,0.11247844535520689
139,3.5203656408913147,0.7687976937957689,0.30623798835229443,1,5,0.5521177315147161,0.1671395854137934
140,3.5203656408913147,0.7359979348531551,0.3160487861939276,1,5,0.5319215123235217,0.10873049745484081
141,3.5203656408913147,0.747263852719872,0.32488350769371144,1,5,0.5215362526920311,0.07347212189386833
142,3.5203656408913147,0.7377429298723155,0.3365069276096381,1,5,0.5193586982531704,0.08889350772420217
143,3.5203656408913147,0.7450284042503158,0.3179043435891853,1,5,0.5591529073941134,0.17905503398166725
144,3.5203656408913147,0.7666648039412464,0.3084300745899512,1,5,0.7142797319932996,0.30312486209417666
145,3.5203656408913147,0.7159034901741949,0.3135861273107123,1,5,0.7129396984924623,0.28385198716784066
146,3.5203656408913147,0.7190569089143689,0.3171110041612174,1,5,0.621925101698971,0.2533984150406289
147,3.5203656408913147,0.7274212923471752,0.3085582922934191,1,5,0.5094759511844937,0.06606916110313628
148,3.5203656408913147,0.7497394233823972,0.31055399676724293,1,5,0.5040201005025124,0.019643035463007136
149,3.5203656408913147,0.7259849392913612,0.3164313026321235,1,5,0.525412778176597,0.11143368551218275
150,3.5203656408913147,0.7007323479393799,0.3125252566989559,1,5,0.5318736539842064,0.12728222933784003
151,3.5203656408913147,0.7186266873094902,0.3125564838138706,1,5,0.5393395549174439,0.1411489207079189
152,3.5203656408913147,0.7124358629281204,0.31020106726960406,1,5,0.51148600143575,0.06726072030439935
153,3.5203656408913147,0.7241125620990795,0.31893720235196127,1,5,0.5188561856903565,0.1057318098950928
154,3.5203656408913147,0.7140900243268331,0.3074051772151521,1,5,0.5583393156257467,0.15033830633661213
155,3.5203656408913147,0.7274397465791903,0.3055251369812982,1,5,0.5806652309164869,0.22127864852348764
156,3.5203656408913147,0.7341934835319198,0.31424887633943954,1,5,0.5523330940416363,0.17166304320103654
157,3.5203656408913147,0.7358506837691503,0.3165683148200053,1,5,0.5785534816941846,0.2020331254828266
158,3.5203656408913147,0.7095680396264252,0.3127866504608617,1,5,0.541923905240488,0.17928329252423078
159,3.5203656408913147,0.7199870390370048,0.3082077349660936,1,5,0.5145010768126341,0.06889963014277538
160,3.5203656408913147,0.734964311259998,0.3264134292015945,1,5,0.5094759511844938,0.06606916110313643
161,3.5203656408913147,0.7309483601868889,0.32531248277048413,1,5,0.5084709260588657,0.06544210111897027
162,3.5203656408913147,0.7532566211127215,0.33494554918863984,1,5,0.5149318018664751,0.09102135267186082
163,3.5203656408913147,0.7447440501630221,0.3159477435779942,1,5,0.5318736539842064,0.1272822293378401
164,3.5203656408913147,0.7198301763159332,0.31812647130589033,1,5,0.5094759511844938,0.06606916110313649
165,3.5203656408913147,0.7423660828090196,0.30519894172380035,1,5,0.5104809763101218,0.06667517789906936
166,3.5203656408913147,0.7582689847774085,0.31013207938884324,1,5,0.5437903804737971,0.15331482678782885
167,3.5203656408913147,0.7537280723701517,0.3173178261711885,1,5,0.5189519023689875,0.09246989129464045
168,3.5203656408913147,0.7321147016239944,0.3141968498804099,1,5,0.5458004307250535,0.1533830469952501
169,3.5203656408913147,0.7176244859657211,0.31624766610154653,1,5,0.5219669777458719,0.09342812652433465
170,3.5203656408913147,0.7571642257113733,0.3169468777065505,1,5,0.5274228284278532,0.11185825435622965
171,3.5203656408913147,0.7405136320302509,0.30590900857132547,1,5,0.5815506101938258,0.20878828983370176
172,3.5203656408913147,0.718044442635748,0.32184473168169536,1,5,0.5213926776740846,0.11046999073577607
173,3.5203656408913147,0.7153470335581597,0.3136609084962429,1,5,0.577562415250857,0.20943071091717685
174,3.5203656408913147,0.7219566511127501,0.31100556170839355,1,5,0.6020818377602293,0.23539869640995692
175,3.5203656408913147,0.7220207201973373,0.31203865885931636,1,5,0.5209619526202438,0.09312065811042368
176,3.5203656408913147,0.7324011828326797,0.30462221796337124,1,5,0.530581478822684,0.07503501593629365
177,3.5203656408913147,0.7219548846967843,0.318343198741937,1,5,0.5611629576453688,0.16798072575721942
178,3.5203656408913147,0.749994084413904,0.31007120875381566,1,5,0.5432160804020091,0.06975699775933258
179,3.5203656408913147,0.7323906697943907,0.3166133466531533,1,5,0.538047379755922,0.15890625228974808
180,3.5203656408913147,0.7384246394789347,0.3131327642875796,1,5,0.5325915290739404,0.07684583753474188
181,3.5203656408913147,0.7512897757924987,0.31135133534634796,1,5,0.5299114620722655,0.10837713521482159
182,3.5203656408913147,0.734781987189165,0.31457636641469794,1,5,0.5362287628619286,0.14993833254026112
183,3.5203656408913147,0.7569506346064654,0.34528950080587584,1,5,0.5145010768126344,0.06889963014277534
184,3.5203656408913147,0.7527352276068305,0.32785117022485144,1,5,0.5070351758793967,0.02557389075376777
185,3.5203656408913147,0.7422771349036289,0.3274426523310741,1,5,0.5223977027997126,0.11072538522438392
186,3.5203656408913147,0.722140490220787,0.31062298339832245,1,5,0.536611629576453,0.1473345889586015
187,3.5203656408913147,0.7614813473984691,0.3135312368924845,1,5,0.5288585786073221,0.1268162869137565
188,3.5203656408913147,0.7332371769271837,0.31957193450142257,1,5,0.5225412778176592,0.07385361319876242
189,3.5203656408913147,0.7493809814401285,0.3175605629484688,1,5,0.5259870782483844,0.09559837747903352
190,3.5203656408913147,0.7267131914543173,0.3226085864469283,1,5,0.5189519023689875,0.09246989129464056
191,3.5203656408913147,0.7151037481872785,0.3154269561083584,1,5,0.5512562814070349,0.16446808148069988
192,3.5203656408913147,0.730769421045694,0.32510635575867614,1,5,0.5258913615697531,0.10755429487698458
193,3.5203656408913147,0.7410447990605113,0.3225325702588336,1,5,0.5308686288585783,0.12713505009769818
194,3.5203656408913147,0.7446660059802778,0.3188977500802555,1,5,0.5245513280689159,0.14504512965976124
195,3.5203656408913147,0.7581054647909844,0.3603270306803245,1,5,0.5189519023689877,0.09355044532854043
196,3.5203656408913147,0.7465896839564009,0.31546491983774383,1,5,0.5050251256281406,0.021846296602295666
197,3.5203656408913147,0.7836524031785214,0.30434022290213586,1,5,0.5373295046661879,0.14098269913136355
198,3.5203656408913147,0.7788008634792816,0.3149012758853373,1,5,0.5193826274228284,0.10992986054886004
199,3.5203656408913147,0.7764937802076808,0.36733431429283986,1,5,0.5254127781765969,0.1114336855121826
200,3.5203656408913147,0.7374076031002076,0.31422219590798645,1,5,0.5343622876286189,0.12495180011362438
201,3.5203656408913147,0.7585253932477746,0.3217516546944998,1,5,0.5215362526920311,0.07209124544951223
202,3.5203656408913147,0.7205969810769511,0.3173132558013838,1,5,0.510050251256281,0.03324188021817344
203,3.5203656408913147,0.7348233542147463,0.31420649436095377,1,5,0.5278535534816939,0.12664464154359875
204,3.5203656408913147,0.7477556155007489,0.32125234496063904,1,5,0.5244077530509689,0.11120716991238
205,3.5203656408913147,0.730909314744011,0.3110457279709514,1,5,0.5189519023689875,0.09246989129464044
206,3.5203656408913147,0.7438337785975447,0.3157108352574381,1,5,0.5199569274946156,0.09280128747481746
207,3.5203656408913147,0.7312750012067982,0.317495054867141,1,5,0.5343144292893035,0.1406791590032026
208,3.5203656408913147,0.7420185308267777,0.3183780525953034,1,5,0.5229002153625268,0.11220118962877404
209,3.5203656408913147,0.7667205890328705,0.3095010348902466,1,5,0.5318736539842065,0.12885175961337028
210,3.5203656408913147,0.7673314768315227,0.3578830470314148,1,5,0.5223977027997126,0.11072538522438381
211,3.5203656408913147,0.7223311683490298,0.31378136982544,1,5,0.523977027997128,0.09400781930608347
212,3.5203656408913147,0.725049423689981,0.32142504192787213,1,5,0.5169418521177314,0.09177049646341395
213,3.5203656408913147,0.735805860821563,0.31233452605549034,1,5,0.5353194544149316,0.14078758641191771
214,3.5203656408913147,0.760207576957698,0.3076192644110692,1,5,0.6127422828427849,0.24349971921081612
215,3.5203656408913147,0.7490545519666848,0.3098922161055258,1,5,0.5080402010050248,0.027191455795916912
216,3.5203656408913147,0.7414512592180584,0.319323150804974,1,5,0.5198612108159845,0.10602266823640646
217,3.5203656408913147,0.7417351886261174,0.30988764832877946,1,5,0.5284278535534813,0.11205641544111249
218,3.5203656408913147,0.7172336699146505,0.32273344443799973,1,5,0.6260588657573578,0.2602892588934977
219,3.5203656408913147,0.7647390511107074,0.31730682533498783,1,5,0.6029432878679103,0.22870722985695346
220,3.5203656408913147,0.743589267192836,0.3155317161824146,1,5,0.550825556353194,0.15343830663934616
221,3.5203656408913147,0.731650573474669,0.3073716113310086,1,5,0.5278535534816939,0.12664464154359883
222,3.5203656408913147,0.7059926186038994,0.31080856182057653,1,5,0.5223977027997126,0.11072538522438397
223,3.5203656408913147,0.7249839945778676,0.31604994475479586,1,5,0.5478104809763097,0.15342490506461837
224,3.5203656408913147,0.7139421632388657,0.3103406223697729,1,5,0.5404881550610187,0.11547091668437214
225,3.5203656408913147,0.7150462600150271,0.3091696345118033,1,5,0.5589136156975342,0.1395936082399233
226,3.5203656408913147,0.7197048766023575,0.3137055023066299,1,5,0.5463747307968408,0.14291791483164237
227,3.5203656408913147,0.7060666204109816,0.3150412720325788,1,5,0.5879077929329181,0.2226157500434153
228,3.5203656408913147,0.748431896941393,0.3233166797936907,1,5,0.5442390524048812,0.15512199613741834
229,3.5203656408913147,0.7103856988528016,0.31303956477000316,1,5,0.6534816941852112,0.2867195431683188
230,3.5203656408913147,0.7378303543838952,0.30938423240541524,1,5,0.5437903804737971,0.1533148267878288
231,3.5203656408913147,0.7347795741257923,0.30770848075772017,1,5,0.536515912897822,0.15536534866884552
232,3.5203656408913147,0.7062661571183191,0.3365254152872229,1,5,0.536372337879875,0.12438155892196837
233,3.5203656408913147,0.7364833039538454,0.30626174337101014,1,5,0.5652787748265135,0.20856092118247252
234,3.5203656408913147,0.7492546446566567,0.31963369853897455,1,5,0.556155778894472,0.176274767767825
235,3.5203656408913147,0.7295490701219642,0.31149435690625404,1,5,0.5745333811916723,0.2025606040584485
236,3.5203656408913147,0.7381672848814255,0.31138791328177057,1,5,0.5417803302225411,0.15322020922969648
237,3.5203656408913147,0.7532729484219328,0.31453102711145225,1,5,0.5104809763101219,0.0666751778990693
238,3.5203656408913147,0.7446665995893131,0.3113104451407236,1,5,0.5160804020100502,0.1304908151250475
239,3.5203656408913147,0.7368627751079007,0.32063935938557375,1,5,0.5084709260588657,0.06544210111897004
240,3.5203656408913147,0.7563027664914778,0.31102293136005865,1,5,0.5263220866235939,0.12286513660456674
241,3.5203656408913147,0.7479206316852508,0.31485553488682755,1,5,0.5104809763101219,0.06667517789906927
242,3.5203656408913147,0.7424139327486822,0.3181962113119034,1,5,0.5259870782483842,0.09454123307582893
243,3.5203656408913147,0.772275702069035,0.3136560090321607,1,5,0.5290021536252686,0.09630555869365084
244,3.5203656408913147,0.7413272317577551,0.31803563303624,1,5,0.5354391002632203,0.11420446852243583
245,3.5203656408913147,0.7617056362202287,0.3284087726440745,1,5,0.6682061099146521,0.2913674366771844
246,3.5203656408913147,0.7814785422459959,0.4151669354541961,1,5,0.6247307968413488,0.24749111177851135
247,3.5203656408913147,0.7681010782326096,0.3848135391414991,1,5,0.5892797319932993,0.21537688128493973
248,3.5203656408913147,0.7272409995496742,0.3148057446397362,1,5,0.5099784637473078,0.07946796182073407
249,3.5203656408913147,0.752975015006854,0.3100395369892657,1,5,0.5154343144292891,0.09913332553695745
250,3.5203656408913147,0.728826528359495,0.31590305422601944,1,5,0.5218951902368987,0.11721627489578047
251,3.5203656408913147,0.7776249865596954,0.3179959808003214,1,5,0.5651112706389085,0.19711040814948605
252,3.5203656408913147,0.7207189217398379,0.31810814460631376,1,5,0.6444803381989308,0.27570596596019636
253,4.01,0.8015962107295402,0.4557773807852588,1,5,0.513902847571189,0.0634870702860869
254,4.01,0.7545876484537688,0.40196675432373546,1,5,0.5224455611390281,0.08878385614079282
255,4.01,0.7453548563789945,0.3576124370268407,1,5,0.5045226130653265,0.023071839765324575
256,4.01,0.747528511306783,0.352119939233079,1,5,0.5069633883704235,0.07525104869143633
257,4.01,0.733713221157461,0.36282736149944783,1,5,0.5045226130653266,0.04403799457327987
258,4.01,0.755087729460606,0.3606567189759846,1,5,0.5402727925340989,0.15797757629169976
259,4.01,0.7452590639433992,0.3617896056355684,1,5,0.5388370423546301,0.14635432679431956
260,4.01,0.7361373230164853,0.3586405217151639,1,5,0.5079684134960517,0.07581699021774094
261,4.01,0.734182200226822,0.35912732745145387,1,5,0.5226130653266328,0.062132991019391764
262,4.01,0.7267438623229552,0.3655439309526423,1,5,0.5391241923905233,0.10203755414278598
263,4.01,0.7223220517967356,0.3567112250092282,1,5,0.5622397702799712,0.10089166786691683
264,4.01,0.7425145492584692,0.45303570784371533,1,5,0.5381191672648953,0.11314084921737305
265,4.01,0.711580658763763,0.35920819925809283,1,5,0.5738693467336675,0.09415374476536813
266,4.01,0.7241769774283163,0.35954113389324016,1,5,0.5873175400813592,0.21183879644967527
267,4.01,0.7723891297927798,0.3519953743899452,1,5,0.5139028475711901,0.1896893035442568
268,4.01,0.7180560187405506,0.3595285865769856,1,5,0.6397702799712851,0.3504138157695945
269,4.01,0.7293377417324087,0.35654882516856634,1,5,0.5361569753529546,0.13409519380194432
270,4.01,0.7226689325392749,0.3677363330479845,1,5,0.5423007896625983,0.1537692741454057
271,4.01,0.7624836150915588,0.35620829003647475,1,5,0.5314189997607079,0.11965141887008054
272,4.01,0.7209547083203577,0.36177147191634274,1,5,0.5909866794288896,0.20135366577098843
273,4.01,0.7262963787852682,0.3807591549700026,1,5,0.5393156257477865,0.1461547805984343
274,4.01,0.735519264091653,0.36124681951593474,1,5,0.5512323522373773,0.16818893301975227
275,4.01,0.7314360697430444,0.3610659739057348,1,5,0.5494795405599422,0.1832314208344219
276,4.01,0.7352247275090399,0.35683366840084063,1,5,0.5289782244556113,0.10824736996727352
277,4.01,0.7464150849284336,0.35745306902070534,1,5,0.542282842785355,0.1303249584789618
278,4.01,0.7275394399883353,0.3527308105837251,1,5,0.5296482412060297,0.13200670833625616
279,4.01,0.7419858570963253,0.37946634563379056,1,5,0.5119885139985643,0.07791018676449515
280,4.01,0.7251979827479315,0.35874970704202847,1,5,0.5247666905958362,0.16020601424547445
281,4.01,0.7156654914100199,0.36379238039989487,1,5,0.540272792534099,0.15797757629169976
282,4.01,0.7318782922765257,0.35911918853789293,1,5,0.5747906197654937,0.21222262424425234
283,4.01,0.7298945913746511,0.35539834066803827,1,5,0.5293610911701362,0.132706079197035
284,4.01,0.7318445100183797,0.359369334421991,1,5,0.5295046661880831,0.10585442465152164
285,4.01,0.7305046029385516,0.36169161622083096,1,5,0.5340033500837519,0.10535414202975096
286,4.01,0.7145912171344777,0.3577020974914575,1,5,0.5284996410624546,0.11121592800798392
287,4.01,0.7479607806021547,0.36799340699223765,1,5,0.5505144771476422,0.12273329202393223
288,4.01,0.7259715252064707,0.37360122627276804,1,5,0.550610193826274,0.17679461636919422
289,4.01,0.721990700917776,0.36243448705489617,1,5,0.5124192390524047,0.10105891515826931
290,4.01,0.7619028590391344,0.3617166508891534,1,5,0.5124192390524048,0.09803004262770329
291,4.01,0.7345126495634742,0.3650413972747454,1,5,0.5069633883704234,0.0752510486914363
292,4.01,0.7238206029522749,0.3722973914629425,1,5,0.5293610911701361,0.132706079197035
293,4.01,0.7380139905965976,0.3588923613204592,1,5,0.5263460157932518,0.13220195552518885
294,4.01,0.7828550445613744,0.38094521708250917,1,5,0.5164393395549174,0.09947806251369992
295,4.01,0.7337791763981614,0.3563079251336669,1,5,0.6014856026162557,0.247793692345192
296,4.01,0.752379857296483,0.362338490099127,1,5,0.5214644651830579,0.10103428182404584
297,4.01,0.7514189485257395,0.36270236567397723,1,5,0.567743479301268,0.21623579563861886
298,4.01,0.72017135997392,0.35790223011325856,1,5,0.5552524527398897,0.1681114143137666
299,4.01,0.7331208358644772,0.36196505627699943,1,5,0.6317958841828185,0.27532985890882233
300,4.01,0.7573900639956536,0.3665743091857274,1,5,0.5160086145010767,0.08222813406511643
301,4.01,0.7529387698113428,0.36112976841804045,1,5,0.5351040918880111,0.14395624190816816
302,4.01,0.7168281205909602,0.3541931469063324,1,5,0.5343862167982768,0.13563219699998777
303,4.01,0.7144252752875694,0.3597190541322548,1,5,0.5358698253170614,0.1340499397695477
304,4.01,0.7034622243065445,0.362206073202873,1,5,0.5170136396267045,0.08263643475665094
305,4.01,0.7283616009189805,0.3564063256514029,1,5,0.5624312036372331,0.1500895435126021
306,4.01,0.7219099889866512,0.3620893144134335,1,5,0.5746350801627171,0.12106958126742391
307,4.01,0.7480058097869074,0.3590182508524393,1,5,0.5488394352715957,0.14699050652916917
308,4.01,0.7261482298427145,0.3704038196553898,1,5,0.5209380234505862,0.09953780435107222
309,4.01,0.752660655486378,0.3539949654433369,1,5,0.5129935391241925,0.08214868957287226
310,4.01,0.7665163958856402,0.36159660868670934,1,5,0.5134242641780331,0.0984094426367274
311,4.01,0.729918373540441,0.35936563328812027,1,5,0.5194544149318016,0.10340302296938896
312,4.01,0.7625959981256589,0.3629154045822674,1,5,0.5139985642498205,0.0813681568175959
313,4.01,0.762850390802765,0.3666047087552563,1,5,0.5204594400574298,0.10074501560508604
314,4.01,0.7592463146834021,0.3582413352121382,1,5,0.5170136396267048,0.08384381536175387
315,4.01,0.74997868173945,0.3656795206087489,1,5,0.5119885139985642,0.09100028834053459
316,4.01,0.7589158030879116,0.36487734963996676,1,5,0.5240488155061017,0.08743812894602737
317,4.01,0.7546071218581767,0.3609260104186789,1,5,0.5409906676238331,0.12671388070532838
318,4.01,0.7645746395074133,0.3586080203915542,1,5,0.5524288107202676,0.13673821445659903
319,4.01,0.7309561837741676,0.3586349865455383,1,5,0.5335247666905953,0.11602709298220544
320,4.01,0.7525516512849336,0.3715398906337965,1,5,0.5200287150035896,0.08957470357896369
321,4.01,0.7397007408739215,0.36892699226869025,1,5,0.5318018664752333,0.1456469310731457
322,4.01,0.7983688263337808,0.3709726597957944,1,5,0.5203637233787985,0.11480588678360876
323,4.01,0.8102429370642287,0.3854055333711561,1,5,0.5204594400574297,0.10074501560508595
324,4.01,0.8662501817602378,0.3850361224904137,1,5,0.523905240488155,0.11768007035297995
325,4.01,0.8241806591326497,0.39024396972407305,1,5,0.5344340751375927,0.17232469207934673
326,4.01,0.804782216483519,0.38530328394777413,1,5,0.5328068916008614,0.14645682859980236
327,4.01,0.8222156960063027,0.3904082166318151,1,5,0.5337162000478581,0.15463998863433623
328,4.01,0.8456403172923831,0.3873498092353721,1,5,0.5083752093802345,0.07147396030221236
329,4.01,0.7992175115709443,0.3852205069590911,1,5,0.5174443646805456,0.10376104066767475
330,4.01,0.8303708611041034,0.3895220250885671,1,5,0.5115577889447234,0.05773867159994496
331,4.01,0.788764447905522,0.37205291500267146,1,5,0.5239052404881548,0.121048003117709
332,4.01,0.832082298527801,0.3901957697460102,1,5,0.5250538406317299,0.1522299787744341
333,4.01,0.8245181858843138,0.38920888096881867,1,5,0.507537688442211,0.05484988501459205
334,4.01,0.8073355809962028,0.3849290662271937,1,5,0.5488394352715955,0.14353112514041555
335,4.01,0.8287523186952055,0.39254090708257283,1,5,0.5600861450107674,0.1763837356348717
336,4.01,0.8071201609980815,0.3714137697532889,1,5,0.5154343144292892,0.09913332553695792
337,4.01,0.817325866026264,0.3921029695085175,1,5,0.5432639387413255,0.14500383106787673
338,4.01,0.798983400437972,0.3750116565438618,1,5,0.5382866714525001,0.13021565189554785
339,4.01,0.8127987035186058,0.3844587836803808,1,5,0.550466618808327,0.18525133552987047
340,4.01,0.8197008422916358,0.38283385633184136,1,5,0.5684613543910021,0.19990503952065602
341,4.01,0.8651129531531815,0.38074450593509324,1,5,0.5450107681263454,0.12534222412390816
342,4.01,0.818692154551889,0.3794202281601581,1,5,0.5203637233787983,0.11740275429285156
343,4.01,0.8080815005876807,0.38558443324895036,1,5,0.5325197415649674,0.10826665480036887
344,4.01,0.8626172847757028,0.37716183679818954,1,5,0.5662778176597267,0.17043159962263205
345,4.01,0.8304822103154891,0.38681022024510764,1,5,0.532089016511127,0.09274212697613021
346,4.01,0.8006854371736603,0.38970502672618107,1,5,0.5659248624072736,0.15019981633894786
347,4.01,0.8532675994057852,0.38398267754074866,1,5,0.5599904283321363,0.14862482979987796
348,4.01,0.8387872670773162,0.3957077546380554,1,5,0.5539602775783677,0.14057526308457344
349,4.01,0.8353804975146046,0.39480022316888846,1,5,0.5226130653266328,0.1474786622165958
350,4.01,0.8342682101794421,0.39775096389276865,1,5,0.528068916008614,0.1417717336348986
351,4.01,0.8742179050850006,0.38623435055080924,1,5,0.530366116295764,0.09241492411755674
352,4.01,0.8283896083850091,0.39078958497989913,1,5,0.5502273271117487,0.13025770036274298
353,4.01,0.853327229022784,0.391053583539017,1,5,0.6194304857621433,0.2676563339845608
354,4.01,0.8476239126784131,0.38747893319716453,1,5,0.5372098588178988,0.155393953194787
355,4.01,0.7859886300985848,0.38375333200468525,1,5,0.5378798755683176,0.13499316944822048
356,4.01,0.8358239816453845,0.3908116820082993,1,5,0.5409906676238331,0.1329076663116513
357,4.01,0.7881007484271708,0.38767571434910736,1,5,0.5491744436468051,0.11463999925829219
358,4.01,0.8621096453346643,0.39876526055435524,1,5,0.5250538406317299,0.12219967433472932
359,4.01,0.7953502796185254,0.39153695863326504,1,5,0.5069633883704237,0.10338203885250884
360,4.01,0.832389824774181,0.39644724022486805,1,5,0.5180186647523332,0.14889746950600358
361,4.01,0.8153187257258242,0.3838615189172164,1,5,0.5114142139267768,0.09763882406144156
362,4.01,0.7926064031846732,0.38946080409674355,1,5,0.5302703996171333,0.1424152327286927
363,4.01,0.8254647267958766,0.39627554762527395,1,5,0.5249102656137832,0.11789843366513614
364,4.01,0.8334110129625512,0.3923030687399895,1,5,0.501507537688442,0.04069421073573425
365,4.01,0.8257438997398913,0.3971437413146539,1,5,0.5099784637473078,0.07689698892473203
366,4.01,0.8234288638453432,0.39600111575416325,1,5,0.5279253409906673,0.11934508740208259
367,4.01,0.8311154974348542,0.3909734816536885,1,5,0.5318018664752331,0.14564693107314544
368,4.01,0.8919115930788695,0.43031283635920725,1,5,0.5178750897343861,0.11617885165850791
369,4.01,0.8157786108235756,0.3852981970059664,1,5,0.5119885139985643,0.07791018676449527
370,4.01,0.825269080380833,0.4026700639270965,1,5,0.5144292893036609,0.09877716027274237
371,4.01,0.8027450465026028,0.3950295937187457,1,5,0.540751375927255,0.15521968682634996
372,4.01,0.8177761409712186,0.39174551161558163,1,5,0.5287867910983487,0.09885486665790409
373,4.01,0.8217369706663379,0.39145092467782333,1,5,0.5444843263938737,0.1234273390605323
374,4.01,0.8571166509666395,0.39090437542963796,1,5,0.5320890165111262,0.08943202469294634
375,4.01,0.8728923089942061,0.4030442561285504,1,5,0.5688920794448429,0.18055570988359207
376,4.01,0.8691357551837459,0.3904835781793201,1,5,0.5395549174443646,0.1655159060685625
377,4.01,0.8684508820004869,0.3882288556284357,1,5,0.5413256759990424,0.14421205487991423
378,4.01,0.9067995656343666,0.38381686937624027,1,5,0.5371141421392674,0.15759524777999664
379,4.01,0.8522329114829033,0.3913635212368751,1,5,0.5250538406317301,0.10153642119763928
380,4.01,0.8376563172283604,0.38970542352053406,1,5,0.5139985642498202,0.08012347919784349
381,4.01,0.850230418579403,0.3971865147525034,1,5,0.49949748743718586,0.03817111359765433
382,4.01,0.8589189477890673,0.38877477144436745,1,5,0.5188801148600144,0.11645208534473538
383,4.01,0.8682320822496915,0.3904802341953235,1,5,0.5129935391241921,0.0809160192632738
384,4.01,0.8561200460604766,0.4185908473012302,1,5,0.5194544149318017,0.10044486091299601
385,4.01,0.7860433241612236,0.38634238127687537,1,5,0.5303661162957646,0.13285849097526906
386,4.01,0.8433197303291995,0.38784657857847904,1,5,0.5164393395549173,0.09947806251369967
387,4.01,0.8221262688309952,0.393260680551278,1,5,0.5079684134960516,0.07713119363009145
388,4.01,0.8468571206908976,0.39393204811361376,1,5,0.5059583632447954,0.07466729204704374
389,4.01,0.8333206971926441,0.3923930388192978,1,5,0.5069633883704234,0.07525104869143631
390,4.01,0.8390392722677599,0.38434330874916195,1,5,0.5039483129935391,0.07344462127055236
391,4.01,0.877117562954484,0.39884643676175174,1,5,0.52735104091888,0.13237784054017065
392,4.01,0.8036427708027554,0.3886146901592571,1,5,0.5229002153625268,0.11745270156478256
393,4.01,0.8023847751912381,0.381710353391004,1,5,0.4994974874371858,0.03817111359765418
394,4.01,0.8099580415145998,0.38305309838956386,1,5,0.5134242641780331,0.09840944263672745
395,4.01,0.8915367393808166,0.38160482671105894,1,5,0.5503230437903804,0.20181630454101862
396,4.01,0.8105626032802534,0.39852527021582496,1,5,0.523905240488155,0.1176800703529801
397,4.01,0.7763884307858697,0.3829850518518475,1,5,0.5615697535295525,0.19512600891236798
398,4.01,0.840660002083821,0.3866525086318534,1,5,0.5134242641780331,0.09840944263672745
399,4.01,0.8346850872144662,0.3848187727471422,1,5,0.5607083034218707,0.17742800138741613
400,4.01,0.810238955243527,0.3919173852562366,1,5,0.5501794687724334,0.16597692278806878
401,4.01,0.824386842279122,0.39850850788827863,1,5,0.5392199090691553,0.15683324931511103
402,4.01,0.8041536878288817,0.39536344761401576,1,5,0.5217516152189519,0.09810870846282965
403,4.01,0.8793071767498468,0.39298680117982765,1,5,0.5249102656137831,0.11874782392034877
404,4.01,0.8603644174503725,0.39715743361948547,1,5,0.5246231155778894,0.1401604739598327
405,4.01,0.8664680980004767,0.38920948739043554,1,5,0.5339554917444361,0.12113677904481283
406,4.01,0.8807870274455244,0.3940283692438026,1,5,0.5224694903086861,0.10327770300203888
407,4.01,0.8692552250636371,0.39647995605750935,1,5,0.5099784637473077,0.07689698892473178
408,4.01,0.8430741931488238,0.37494760401762656,1,5,0.5248145489351517,0.12856794358556783
409,4.01,0.8472999757619227,0.3857614074672529,1,5,0.514429289303661,0.09877716027274232
410,4.01,0.8268936558219135,0.40946954731859847,1,5,0.5253409906676237,0.13201818538475257
411,4.01,0.846377549628273,0.39945365757300766,1,5,0.5243359655419956,0.1318264971425527
412,4.01,0.8290947360778804,0.39020756585724553,1,5,0.5229002153625268,0.11745270156478262
413,4.01,0.7870886940858003,0.3918299850158778,1,5,0.5119885139985644,0.07791018676449529
414,4.01,0.8182761875676668,0.3934661810313054,1,5,0.5144292893036609,0.10079155441701591
415,4.01,0.8106695626149215,0.3832190763133857,1,5,0.5069633883704235,0.0752510486914363
416,4.01,0.8036906710692209,0.397778207745144,1,5,0.5154343144292892,0.09913332553695786
417,4.01,0.7805771828004123,0.3860272827360905,1,5,0.5214644651830577,0.1039756759010378
418,4.01,0.8259719479662045,0.3870221832136008,1,5,0.5094041636755203,0.1130984807645152
419,4.01,0.8257754052713535,0.3901080152713337,1,5,0.532208662359416,0.143366484317204
420,4.01,0.8461076304909525,0.3883658355635973,1,5,0.5164393395549173,0.09947806251369963
421,4.01,0.840296708052233,0.3872150024607775,1,5,0.5089734386216799,0.0763655127082038
422,4.01,0.8173643264267915,0.3910980108592439,1,5,0.5229002153625268,0.11745270156478274
423,4.01,0.8408055077673964,0.3956773132705132,1,5,0.5184493898061735,0.10013371983196688
424,4.01,0.8634311868968386,0.3869176086390958,1,5,0.513424264178033,0.0984094426367274
425,4.01,0.8075767560163033,0.39661570781902716,1,5,0.5322804498683895,0.1426792668454976
426,4.01,0.7761401251456664,0.3803724248903591,1,5,0.5059583632447954,0.07466729204704352
427,4.01,0.860268735301573,0.3865175455834182,1,5,0.5218951902368988,0.11721627489578061
428,4.01,0.8275268768667897,0.39290507760330795,1,5,0.5208901651112705,0.11697073542136228
429,4.01,0.8426871775596123,0.38752856482265263,1,5,0.5243838238813111,0.11663411627101672
430,4.01,0.7769198132365763,0.3864041994200085,1,5,0.5114142139267767,0.10067946682158177
431,4.01,0.85476511812316,0.39109459269848124,1,5,0.513424264178033,0.09840944263672735
432,4.01,0.8395427908781443,0.38521153492513793,1,5,0.5267528116774348,0.12970241391099074
433,4.01,0.8350474682748482,0.393408873258084,1,5,0.5173486480019143,0.11220775238184316
434,4.01,0.8596228577156028,0.39341739504342493,1,5,0.510983488872936,0.07741176996547515
435,4.01,0.8905496845859814,0.38769722906575027,1,5,0.5269203158650394,0.11830834126338599
436,4.01,0.7988197270853863,0.38429572192382044,1,5,0.5218951902368987,0.11721627489578042
437,4.01,0.7993552318885204,0.38524458972751024,1,5,0.5238095238095236,0.12836698181416312
438,4.01,0.814445389318024,0.3967037379034808,1,5,0.5099784637473077,0.07689698892473214
439,4.01,0.8223275547395743,0.3948989888371429,1,5,0.5198851399856423,0.11671602562878415
440,4.01,0.8394061890505878,0.38687080363095855,1,5,0.5144292893036612,0.09877716027274255
441,4.01,0.8014536329784353,0.3946743736865712,1,5,0.5229002153625268,0.11745270156478256
442,4.01,0.8580848747075588,0.39534473493336747,1,5,0.5208901651112706,0.11697073542136219
443,4.01,0.8224692166366132,0.3778419860288875,1,5,0.5114142139267768,0.09763882406144148
444,4.01,0.8371385947988927,0.3828682591358923,1,5,0.5198851399856423,0.11671602562878415
445,4.01,0.8696196614970816,0.3995068300209728,1,5,0.5089734386216798,0.07636551270820374
446,4.01,0.8445044462453823,0.39157660549166395,1,5,0.5338119167264894,0.1458840174753241
447,4.01,0.8613610992348881,0.3826793662160611,1,5,0.5238095238095237,0.12836698181416314
448,4.01,0.8630551250255611,0.393970882101586,1,5,0.5254845656855706,0.16155367000214985
449,4.01,0.818816249642214,0.3892277872112905,1,5,0.5192869107441972,0.11363327640411529
450,4.01,0.8282674224617249,0.38859706390813376,1,5,0.5198851399856425,0.11671602562878416
451,4.01,0.8080460982427704,0.38721855147464235,1,5,0.5079684134960516,0.07581699021774098
452,4.01,0.8480558351093438,0.3899712418196411,1,5,0.5025125628140703,0.04186264442142396
453,4.01,0.8614195804845844,0.39178155417550564,1,5,0.5229002153625266,0.11745270156478281
454,4.01,0.7996263318360164,0.3957891129246806,1,5,0.5571667863125148,0.2143537673371537
455,4.01,0.8237272839993605,0.396055215324261,1,5,0.54419717635798,0.16628995172517866
456,4.01,0.8517402163088963,0.3896624239979848,1,5,0.5174443646805452,0.09981148961886285
457,4.01,0.7974392102250161,0.3782728173830057,1,5,0.5403206508734145,0.19041023555660047
458,4.01,0.8293974151677928,0.3994389904211291,1,5,0.5079684134960517,0.07581699021774095
459,4.01,0.8466774773301582,0.3916571426648796,1,5,0.5154343144292892,0.09913332553695783
460,4.01,0.8280315627992182,0.39553597405181296,1,5,0.5055276381909546,0.04505271050189554
461,4.01,0.8125786214961938,0.39171854037216514,1,5,0.5089734386216795,0.07636551270820377
462,4.01,0.8308681962529593,0.4060869964414352,1,5,0.5325197415649674,0.10639388371241545
463,4.01,0.8226078153760692,0.394787586667999,1,5,0.5423307011246706,0.14496395258631556
464,4.01,0.823441040576482,0.39051737688387145,1,5,0.5312754247427612,0.14255085382371896
465,4.01,0.8136488391238557,0.40698579105920674,1,5,0.5015075376884423,0.04069421073573427
466,4.01,0.8493298455424504,0.3964004396266893,1,5,0.5055276381909547,0.045052710501895354
467,4.01,0.8319465923073506,0.394933527592914,1,5,0.5239052404881548,0.11768007035298003
468,4.01,0.8344515055461385,0.3932868766622123,1,5,0.5289303661162956,0.11952661203847309
469,4.01,0.7753852376721201,0.3977276794084943,1,5,0.5339554917444362,0.121136779044813
470,4.01,0.8032461989908001,0.3881596977423148,1,5,0.5456329265374488,0.1532007075993342
471,4.01,0.7707589791024606,0.3903423969915067,1,5,0.533668341708542,0.14361489037159755
472,4.01,0.837459039471217,0.38621061033178117,1,5,0.5134242641780331,0.09840944263672737
473,4.01,0.852908739635879,0.39661920989437893,1,5,0.5253409906676239,0.13201818538475263
474,4.01,0.8873064300837712,0.4258829642312038,1,5,0.5258195740607802,0.12876074737496493
475,4.01,0.810568005043222,0.38629311343090167,1,5,0.514429289303661,0.09877716027274251
476,4.01,0.8665493329432649,0.39345356695647377,1,5,0.5045226130653266,0.044037994573279775
477,4.01,0.8342826749905271,0.4072392874364611,1,5,0.5362287628619287,0.14588985099581278
478,4.01,0.7978017652613305,0.3942104183887103,1,5,0.5174443646805459,0.10849598465411955
479,4.01,0.8761326178381111,0.38366058950200704,1,5,0.5371141421392672,0.09249245962597548
480,4.01,0.8146519280188559,0.3866821807410532,1,5,0.5294089495094515,0.11503346957118003
481,4.01,0.8433432661406619,0.4000790603031935,1,5,0.5290739411342423,0.08877494258272042
482,4.01,0.7712758920199896,0.3849915867054367,1,5,0.5389806173725771,0.17518423351988557
483,4.01,0.8298253833530047,0.39290228092933144,1,5,0.5079684134960517,0.07581699021774095
484,4.01,0.8334621916911833,0.3990524654266829,1,5,0.5104091888011485,0.09723564428544988
485,4.01,0.8351278831294977,0.3988105171627043,1,5,0.5267528116774345,0.12970241391099047
486,4.01,0.831536534687209,0.3958991293355744,1,5,0.5185929648241204,0.13674621672902834
487,4.01,0.8270105446247925,0.3922018518431816,1,5,0.5164393395549174,0.09947806251369976
488,4.01,0.8329902458559036,0.39408445101495243,1,5,0.532208662359416,0.14336648431720414
489,4.01,0.8694627344264987,0.3936613790392314,1,5,0.6156676238334525,0.245650183846826
490,4.01,0.8790138739501592,0.40154849449236885,1,5,0.510983488872936,0.07741176996547501
491,4.01,0.8866231112590335,0.3881386456561329,1,5,0.5079684134960517,0.07581699021774092
492,4.01,0.826056769313098,0.39794751001791856,1,5,0.5129935391241922,0.07966427774284318
493,4.01,0.9039569997665327,0.38388223308513403,1,5,0.5280689160086139,0.08386833624603961
494,4.01,0.813280381897929,0.39534177811160176,1,5,0.5155778894472357,0.07372734445352483
495,4.01,0.8447485000951871,0.4049622294850224,1,5,0.5295046661880828,0.10866542363457449
496,4.01,0.8425305276609184,0.3943142757234605,1,5,0.5415649676956208,0.11206736046690269
497,4.01,0.8288542871360645,0.3911273994694404,1,5,0.556783919597989,0.09585221320656366
498,4.01,0.8444318824294554,0.39848496302837183,1,5,0.5794209140942808,0.20082255930390708
499,4.01,0.8239742239684642,0.3924792291886534,1,5,0.591720507298397,0.17836924409799326
