Number of generations: 400
Total run time: 1462 seconds
gen_num, champ_fit, average_fit, std_fit, champ_cppn_con, champ_ann_con, mean_genetic_dist, std_genetic_dist  
0,0.5572107700312887,0.5572107700312894,6.661338147750939e-16,0,2,0.9538152610441751,0.7521447481903245
1,0.7878875615498213,0.5661339851442123,0.045345796557779317,1,3,1.6286115795390674,0.9836496868055706
2,0.8538899325390384,0.6323355736728349,0.10915716392224405,1,5,2.3269987699876937,0.8907536157444755
3,1.01,0.7236234341326275,0.11444056081747486,1,4,2.257330430734686,0.9393199041699382
4,1.01,0.7227197060116268,0.13393989511251758,1,4,2.3030352480417813,0.8684975886232716
5,1.250676773272606,0.6921697435113309,0.15842230563559467,1,4,2.3061755759672367,0.8999241834635937
6,1.250676773272606,0.7094156700295273,0.15439772411305355,1,4,2.3968963468963502,0.917008675371896
7,1.2915598573378078,0.6826883417308995,0.16967663248961395,1,5,2.5013709612440596,0.8899219036642034
8,1.2915598573378078,0.6917537934847441,0.15631214194155538,1,5,2.5171060832710026,0.8581922217036699
9,1.3824339322710326,0.7100686136338092,0.17240061437428372,2,5,2.4591498125157947,0.9257858203680257
10,1.3824339322710326,0.7135315829936844,0.1727699988043889,2,5,2.4974880119464,0.9518445422165621
11,1.3824339322710326,0.7197691613448564,0.16782675254740967,2,5,2.5119778298553,0.9008908419231533
12,1.3824339322710326,0.7047030456349814,0.16958915816371387,2,5,2.571241734637309,0.8400030823708567
13,1.3824339322710326,0.7074051853404939,0.1625709131610924,2,5,2.5372172155466415,0.8705121099288932
14,1.3824339322710326,0.7059745781178014,0.16726191648652305,2,5,2.530995455622304,0.8898752421923385
15,1.3824339322710326,0.720738981657229,0.16180302246258743,2,5,2.5732072915746187,0.836019875979547
16,1.3824339322710326,0.7098376913402227,0.17496962568846586,2,5,2.5839492899699907,0.8378310154975478
17,1.3824339322710326,0.693062193809259,0.18908954187821123,2,5,2.6712017992999546,0.7943727545274459
18,1.3824339322710326,0.7253251980296217,0.16964347285593206,2,5,2.7160235889993816,0.7750554761567389
19,1.3824339322710326,0.747183185587065,0.1697252348530023,2,5,2.728530370197039,0.761738286712281
20,1.3824339322710326,0.7170524577550199,0.1813089242980007,2,5,2.7780879058703998,0.7615013636187967
21,1.3824339322710326,0.74939901738887,0.17267988180092697,2,5,2.748697853870265,0.729970203839077
22,1.3824339322710326,0.7374907533289058,0.1761453238502714,2,5,2.7188297914617356,0.7480269249088823
23,1.3824339322710326,0.7470304539455518,0.17937605553361755,2,5,2.752624186617203,0.7432080880325802
24,1.3824339322710326,0.7273538335587318,0.1743846811050835,2,5,2.729556254024208,0.7285701567193517
25,1.3824339322710326,0.7533201542656959,0.1885957358800897,2,5,2.751932727674551,0.7019588498113786
26,1.3824339322710326,0.7375764371745959,0.19066805644210458,2,5,2.7434979805278776,0.6899095551508021
27,1.3824339322710326,0.7694393857780772,0.1683957786754574,2,5,2.7444425662985403,0.7235468928627022
28,1.3824339322710326,0.7549779968009745,0.1641105565986854,2,5,2.7957145941498744,0.7191659608170907
29,1.3824339322710326,0.7460593109642674,0.16511503783757497,2,5,2.7699669035999883,0.7248566897043217
30,1.3824339322710326,0.7422795286255449,0.165421370333447,2,5,2.75294608579535,0.7287800000099742
31,1.3824339322710326,0.7382320414347586,0.16593480604207272,2,5,2.7816098399880134,0.7131060736961635
32,1.3824339322710326,0.743982834064811,0.1714786780297543,2,5,2.813544679733465,0.7043240583266519
33,1.3824339322710326,0.7382900719012281,0.18402569956541295,2,5,2.739754502837389,0.7057994096073484
34,1.3824339322710326,0.7396950325839466,0.18200499770286754,2,5,2.771730045645191,0.6919826361261241
35,1.3824339322710326,0.7244293643590485,0.17638292065228534,2,5,2.782208497434051,0.6971440793327016
36,1.3824339322710326,0.7450228540421767,0.1674417407794689,2,5,2.802698270562589,0.7226365088930159
37,1.3824339322710326,0.7449103012619838,0.18168082244775957,2,5,2.7936635512791,0.7329302409426788
38,1.3824339322710326,0.7528032706223073,0.17978981288998447,2,5,2.749022163540727,0.7387564103842563
39,1.3824339322710326,0.7304384581210239,0.18657988982008192,2,5,2.7518893907220265,0.7381121751572514
40,1.3824339322710326,0.7477757703677567,0.18027635613304843,2,5,2.7685264949949664,0.7320865869977291
41,1.3824339322710326,0.7312242241426203,0.18182657402374666,2,5,2.7996755078438067,0.7470038478084253
42,1.3824339322710326,0.7436528744488515,0.17963325412002373,2,5,2.8316606021002837,0.7479758544211477
43,1.3824339322710326,0.7453250689815183,0.1792191438653294,2,5,2.814991453676239,0.758304634246278
44,1.3824339322710326,0.7485691832188245,0.19609798222892366,2,5,2.822749103137148,0.760207710445849
45,1.3824339322710326,0.7263580689502558,0.18776391845385748,2,5,2.7989403324001474,0.77804118039886
46,1.3824339322710326,0.7400035403139925,0.1746094986474093,2,5,2.8039312932929796,0.7674359876458522
47,1.3824339322710326,0.7312554633885961,0.1841148340084705,2,5,2.7621327772303124,0.7226922419921195
48,1.3824339322710326,0.7464429324484606,0.16575497463026204,2,5,2.796418157380802,0.7120622220270225
49,1.3824339322710326,0.7279211536435714,0.18517215018056582,2,5,2.819172007283846,0.7271945740885217
50,1.3824339322710326,0.7272004031911782,0.1869778435077905,2,5,2.8248928211236906,0.7355635994694196
51,1.3824339322710326,0.7233934103363322,0.1879136294536502,2,5,2.844086373990894,0.724531929147123
52,1.3824339322710326,0.7488865143493294,0.1806335641554169,2,5,2.779077440804586,0.7332896740504216
53,1.3824339322710326,0.7179840499293623,0.17769504035698402,2,5,2.766382988551277,0.7408000265535983
54,1.3824339322710326,0.714380620765227,0.17754106991488441,2,5,2.7260718285074437,0.7333119751684113
55,1.3824339322710326,0.7455486695022709,0.17390951658431616,2,5,2.7445676040874867,0.7487415251988742
56,1.3824339322710326,0.7328362588914457,0.17005473512444583,2,5,2.7537112466657683,0.7421486620150256
57,2.296409809708218,0.7482515242101699,0.23865498647262498,2,6,2.7549533278813856,0.7485676809287564
58,2.296409809708218,0.7505099062167623,0.25682517720838655,2,6,2.8092083953625653,0.7301913753428145
59,2.296409809708218,0.7481667270779891,0.25737781575431723,2,6,2.8309422368870827,0.7514060900617411
60,2.296409809708218,0.7651050457971289,0.24791693249359115,2,6,2.823395905545587,0.747624554966768
61,2.296409809708218,0.7650416310290653,0.24677564644363928,2,6,2.801612123560597,0.7552935207152697
62,2.296409809708218,0.7644761090128696,0.26654855858717974,2,6,2.7805089931319418,0.7712299767743442
63,2.296409809708218,0.7613269352512925,0.24967438846010856,2,6,2.8023069895110067,0.7683870466596641
64,2.296409809708218,0.7780277550430044,0.2453632615993884,2,6,2.821392351512832,0.7783322502425621
65,2.296409809708218,0.7489329027100475,0.2760339555731217,2,6,2.7639433636421606,0.7931320673102884
66,2.296409809708218,0.7282597795689424,0.2620770719837502,2,6,2.8061393635852996,0.7774691909721185
67,2.296409809708218,0.7638854176076963,0.250315464910856,2,6,2.7592605081356862,0.7880299570302435
68,2.296409809708218,0.7452245890802616,0.26052282868218074,2,6,2.7993669687324907,0.8027688287239144
69,2.296409809708218,0.7676880154854807,0.282659562940365,2,6,2.814408138095074,0.838221595661189
70,2.296409809708218,0.7791147710547791,0.35051654527234877,2,6,2.769248583195281,0.8473084398820158
71,2.296409809708218,0.7386721547169097,0.2600387730297865,2,6,2.760240043379832,0.8376229907992541
72,2.296409809708218,0.7750448264458558,0.29629625902379353,2,6,2.736007254464277,0.8159789740757467
73,2.296409809708218,0.7335408629525947,0.28484783834079375,2,6,2.7251721325774763,0.8039258870672615
74,2.296409809708218,0.7472989036005493,0.2772405840553644,2,6,2.769409723632875,0.7880752434985635
75,2.296409809708218,0.7492859427012579,0.2595343146335538,2,6,2.774128419422146,0.7973312473418763
76,2.296409809708218,0.7327582467546756,0.256764713360889,2,6,2.7737240428842016,0.7925783082909864
77,2.296409809708218,0.755009847218532,0.2581464469958096,2,6,2.746610848508548,0.8001506634574563
78,2.296409809708218,0.7315189876835779,0.2503138315143065,2,6,2.753995249415923,0.8012450108477687
79,2.296409809708218,0.7456929563227443,0.24367386058218604,2,6,2.767991472386114,0.7884811674906813
80,2.296409809708218,0.7439059452199147,0.24173003675002752,2,6,2.7794873843985703,0.7640578005048067
81,2.296409809708218,0.7604275410144142,0.3048956267205366,2,6,2.7814501109085703,0.7535961839645985
82,2.296409809708218,0.7460125179664115,0.2787513952031493,2,6,2.742305541658087,0.7387224295176248
83,2.296409809708218,0.7332003204724653,0.2485669867995841,2,6,2.73059248116717,0.7196907541870337
84,2.296409809708218,0.7714708860986684,0.25688547490087127,2,6,2.764363253159939,0.7464173421559651
85,2.296409809708218,0.778678591599303,0.2741740482792681,2,6,2.667398934611581,0.7790304821049207
86,2.296409809708218,0.7554391091313508,0.22426128555694202,2,6,2.667358483354348,0.7767785572799917
87,2.296409809708218,0.7361989870710267,0.21759491561193156,2,6,2.698036653328535,0.7762072879512356
88,2.296409809708218,0.7496154403055322,0.21774351704476702,2,6,2.7054762432046098,0.7903075136482574
89,2.296409809708218,0.7385838923921035,0.21936539415320502,2,6,2.7541658782075737,0.7662509583132199
90,2.296409809708218,0.7360425925555109,0.2208376786894727,2,6,2.721985162898074,0.761178468953442
91,2.296409809708218,0.7247141998518352,0.22520453371125707,2,6,2.754476195638997,0.7699183320348296
92,2.296409809708218,0.7125995274856899,0.2307687124454721,2,6,2.736188553738803,0.8123336095394392
93,2.296409809708218,0.7438905826834029,0.21895687044763865,2,6,2.783774810041286,0.8134944473387103
94,2.296409809708218,0.7471166300545317,0.21913307609403143,2,6,2.7760650239974463,0.804973181276469
95,2.296409809708218,0.7314308805195763,0.22305205615064766,2,6,2.791999622688262,0.7871273868161899
96,2.296409809708218,0.7329282057813807,0.23021667942515986,2,6,2.741565086814999,0.8018462709841468
97,2.296409809708218,0.7144885307783517,0.23882040467291407,2,6,2.793551275151967,0.7762251474081938
98,2.296409809708218,0.7286878169986609,0.227884811798391,2,6,2.804410296711742,0.7638921280802342
99,2.296409809708218,0.7514308534402284,0.24449848424380974,2,6,2.7827351002279737,0.7805375554448037
100,2.296409809708218,0.7415236652614651,0.2480285633415811,2,6,2.838600633077125,0.7758478823675885
101,2.296409809708218,0.7571474102471125,0.24938353077151268,2,6,2.8272618119929502,0.7500123477328254
102,2.296409809708218,0.7580466124840389,0.24167937179285662,2,6,2.8665713946389486,0.7198244954721701
103,2.296409809708218,0.7532689667438505,0.24649168123707413,2,6,2.8479570689933165,0.7428897786417712
104,2.296409809708218,0.725632380148495,0.26066203500565166,2,6,2.8530009118352933,0.7544877442390469
105,2.296409809708218,0.7285794470961592,0.2546363104242754,2,6,2.816325596016006,0.7698358461786468
106,2.296409809708218,0.7304470852855611,0.24807894068996858,2,6,2.7437880029026864,0.776068358770997
107,2.296409809708218,0.7378581334040503,0.23711991699632518,2,6,2.7665980475372454,0.7673234080684768
108,2.296409809708218,0.7400479015218623,0.24403063883582332,2,6,2.6840637013676303,0.7687811904757501
109,2.296409809708218,0.7614320287059618,0.2361630025860303,2,6,2.7293028547777887,0.7686319922459967
110,2.296409809708218,0.7678431667903367,0.23412348391841128,2,6,2.750053959815283,0.7755793592627802
111,2.296409809708218,0.7350397755242627,0.24153614242193325,2,6,2.7360952256360513,0.7709430392882102
112,2.296409809708218,0.7283395098512977,0.25058654863765767,2,6,2.70196027866662,0.7734292044718801
113,2.296409809708218,0.7331878206449454,0.25142636855254547,2,6,2.715292272561722,0.7527482184282153
114,2.296409809708218,0.7432224109267481,0.2503043862196239,2,6,2.699008344596598,0.7725184633916481
115,2.296409809708218,0.7315957004118481,0.2478560018148299,2,6,2.6958030267782385,0.7971482675938723
116,2.296409809708218,0.7508413852084065,0.2447815479363381,2,6,2.714743022708862,0.7806476810380549
117,2.296409809708218,0.7518399010799593,0.27280828344083274,2,6,2.7005985744778997,0.7899281995272582
118,2.296409809708218,0.7445983976688965,0.2662860655259782,2,6,2.686439877155689,0.7993212924067955
119,2.296409809708218,0.7488033583309158,0.2549428475124514,2,6,2.7463500789524837,0.8526576202596187
120,2.296409809708218,0.741128324914191,0.25239664933267814,2,6,2.71090109905016,0.8546695536065753
121,2.296409809708218,0.7572991296133534,0.2921674650189202,2,6,2.653384513761224,0.8834897936528128
122,2.296409809708218,0.7269942493971852,0.2547348101445235,2,6,2.643664526636955,0.8583054300350105
123,2.296409809708218,0.7209833535568017,0.2477081546985862,2,6,2.5785298178675418,0.8576872823894012
124,2.296409809708218,0.7347026071730268,0.2443370311956749,2,6,2.572336459980575,0.8625011956963471
125,2.296409809708218,0.7274797697092138,0.2489667569743642,2,6,2.5965919469856518,0.8161043112236891
126,2.296409809708218,0.7012173690054281,0.2513782412045623,2,6,2.6856612864400082,0.8272628928769761
127,2.296409809708218,0.6974406610442196,0.262127134900667,2,6,2.632136988586305,0.8420963589638553
128,2.296409809708218,0.7166565049667425,0.25940582302500564,2,6,2.685206283761212,0.8187997201904503
129,2.296409809708218,0.7041304417434893,0.262923437719803,2,6,2.714134891221224,0.8125002036809342
130,2.296409809708218,0.7169233023316882,0.25842039589627214,2,6,2.7226110669639634,0.8360000646855077
131,2.296409809708218,0.7145639175744698,0.2598051312959544,2,6,2.7303738032627605,0.8264099456927555
132,2.296409809708218,0.7096306756813076,0.2718453340401425,2,6,2.7317517607462833,0.8134133701842987
133,2.296409809708218,0.7223218793078434,0.263265736500571,2,6,2.750083634865089,0.7987021787198947
134,2.296409809708218,0.7333840406354011,0.25800378022239207,2,6,2.8069579035115164,0.7679166495713873
135,2.296409809708218,0.7441404760262288,0.2606561917202794,2,6,2.7585121957386036,0.790313089602353
136,2.296409809708218,0.7403368659914766,0.266674465685779,2,6,2.7316177946137588,0.7870983046013186
137,2.296409809708218,0.7424252086329213,0.2647727745856522,2,6,2.6807963049664676,0.7924505487724909
138,2.296409809708218,0.7463784818128387,0.27519842498757063,2,6,2.7228684589306247,0.7767892858747768
139,2.296409809708218,0.7909809124413173,0.299641438917118,2,6,2.710168826975415,0.7776299540792069
140,2.296409809708218,0.7361850960159153,0.30040463443910825,2,6,2.7139699732801437,0.7918822810561447
141,2.296409809708218,0.7387701936894273,0.3044738150134503,2,6,2.683297766425582,0.8060993850592818
142,2.296409809708218,0.7685835996412272,0.2609611825719764,2,6,2.681691687315848,0.7766230451294865
143,2.296409809708218,0.7490402631480328,0.2754348368712091,2,6,2.6507576295568946,0.7824076790068264
144,2.296409809708218,0.8010711781958211,0.2790212367476912,2,6,2.7095537553561826,0.7839632151463296
145,2.296409809708218,0.7644711771448012,0.27207926420038686,2,6,2.7562786941301938,0.7746284059897234
146,2.296409809708218,0.7651233423274333,0.2790512756728142,2,6,2.697240182373756,0.800673274262508
147,2.296409809708218,0.7474660314959408,0.2785687922671125,2,6,2.686846209448219,0.8075209255615746
148,2.296409809708218,0.7621810590223702,0.27380433065687726,2,6,2.7052444785295027,0.8004965508823642
149,2.296409809708218,0.7771014674021766,0.278386882392874,2,6,2.7122681594861384,0.7984676743122343
150,2.296409809708218,0.7665912584312207,0.2703857043514051,2,6,2.7061225136519442,0.7784166292650574
151,2.296409809708218,0.7552630381957891,0.27694368810413034,2,6,2.7390044996303047,0.7979590340599954
152,2.296409809708218,0.7825645163525293,0.26235435294511184,2,6,2.7331772936018908,0.794278597306054
153,2.296409809708218,0.7448545695271963,0.2705887257948143,2,6,2.696920777602144,0.8084264960853016
154,2.296409809708218,0.7654398537625832,0.2644564741935893,2,6,2.697243867673793,0.8200735658231834
155,2.296409809708218,0.7594178037595836,0.2661386471309506,2,6,2.744614983895758,0.8503377640265377
156,2.296409809708218,0.7625019150580096,0.2701870658884494,2,6,2.731106822011011,0.8433652299631329
157,2.296409809708218,0.7647796747015085,0.2649303085213521,2,6,2.7278624481955163,0.8397419926765308
158,2.296409809708218,0.7731728000481282,0.28569546452535755,2,6,2.6819636047294666,0.8511570206931562
159,2.296409809708218,0.7645162321780421,0.265496237057554,2,6,2.636935413368031,0.8763391034455293
160,2.296409809708218,0.7471188378197207,0.24469766018561628,2,6,2.6111313320504963,0.8844156924968359
161,2.296409809708218,0.7444763357808062,0.23966637386935272,2,6,2.6453943703097815,0.8714157331346033
162,2.296409809708218,0.7548018066739401,0.25368760073053437,2,6,2.64262079198989,0.8745697911069199
163,2.296409809708218,0.7646646090202626,0.24456130345763913,2,6,2.5930037192854214,0.9053511549228188
164,2.296409809708218,0.7331411901190558,0.2441053739293269,2,6,2.556782899640039,0.9180647897681509
165,2.296409809708218,0.7356709726054252,0.23560406189153896,2,6,2.551413173776449,0.928212095561552
166,2.296409809708218,0.771362129982183,0.2415987345375095,2,6,2.469890538060636,0.9462134938395981
167,2.296409809708218,0.7330924781332621,0.23562117080660752,2,6,2.5047555332705937,0.9183591539998145
168,2.296409809708218,0.726644029877564,0.2329992645401539,2,6,2.527391143799118,0.9248178279152169
169,2.296409809708218,0.7127644782349789,0.2391963694708679,2,6,2.550683732498522,0.9450912005457669
170,2.296409809708218,0.729358389996104,0.2332719861294882,2,6,2.557070183332066,0.9629444948670018
171,2.296409809708218,0.7293177992423676,0.24004589565038356,2,6,2.567997407371948,0.9704223243325012
172,2.296409809708218,0.7336883808059572,0.23050685102081356,2,6,2.573538756516138,0.9599603016075232
173,2.296409809708218,0.724538519776431,0.23586587504087636,2,6,2.564161168962008,0.9020733070397717
174,2.296409809708218,0.7347722898084954,0.23389298574248676,2,6,2.4868993033180202,0.8449414848007526
175,2.296409809708218,0.7378572780534045,0.2358721047090023,2,6,2.507474911845423,0.8129970988268288
176,2.296409809708218,0.7253132908734939,0.25260040332628086,2,6,2.582386275879883,0.825012913312853
177,2.296409809708218,0.6982684373205746,0.24095025016812438,2,6,2.5889352636873437,0.7829443302107012
178,2.296409809708218,0.7469408789202883,0.23126328715426064,2,6,2.5459237837653164,0.825061634957176
179,2.296409809708218,0.7192397401004733,0.23321242670220257,2,6,2.4973494194349106,0.85262218903439
180,2.296409809708218,0.7115819870478172,0.22938444436705385,2,6,2.471962977478065,0.8476644802813567
181,2.296409809708218,0.7038292984278338,0.22751326366813934,2,6,2.4983955108300724,0.8474172356231536
182,2.296409809708218,0.7256353214976525,0.22381703914674414,2,6,2.47465654588942,0.8299246742540982
183,2.296409809708218,0.6929651448951216,0.2203737079751821,2,6,2.4221968048482454,0.8296041199460096
184,2.296409809708218,0.717312860252631,0.21926896764741455,2,6,2.440435774554451,0.8166268321500284
185,2.296409809708218,0.7146268433384912,0.21740156511498937,2,6,2.482055511682689,0.7257368805065258
186,2.543253191199189,0.7475781382856468,0.28884375311657695,6,13,2.50832981027463,0.7281047652651613
187,2.543253191199189,0.7133484944420274,0.24206619504768534,6,13,2.4351503277776754,0.7060704474665543
188,2.543253191199189,0.6849725706170274,0.23907199480107347,6,13,2.4859428302751336,0.6749393561993977
189,2.543253191199189,0.7090693546114848,0.28189708777480504,6,13,2.464852074170633,0.6862897341000112
190,2.543253191199189,0.6982339092187013,0.23376497170196722,6,13,2.449687854241337,0.6983470682300437
191,2.543253191199189,0.7121218312294877,0.2387159814306848,6,13,2.516029720753015,0.6759573887055721
192,2.543253191199189,0.7052494276565523,0.2334095370805837,6,13,2.517755209396989,0.6788137490654826
193,2.543253191199189,0.7011415960347673,0.24208728540578492,6,13,2.5347538427638465,0.6932549122539587
194,2.543253191199189,0.7150765143141111,0.24128744736860072,6,13,2.525164339929513,0.6836141380865249
195,2.543253191199189,0.7114512961207131,0.24415162119551498,6,13,2.5589942254714813,0.6862094488830444
196,2.543253191199189,0.7131301848706044,0.2415200851386419,6,13,2.5418046771699174,0.6773426653954252
197,2.543253191199189,0.7254534171846407,0.2509862871954848,6,13,2.552073895065027,0.679806862271831
198,2.543253191199189,0.7274787966539276,0.24207023011878046,6,13,2.5663682759937716,0.6977109568672164
199,2.543253191199189,0.7113019180878672,0.2479078318794098,6,13,2.6027725760369207,0.7054254797502736
200,3.020334758796133,0.7510319287743042,0.33310070049305895,1,5,2.5776369186239814,0.6928687799543681
201,3.020334758796133,0.7611750803590215,0.32780351573157196,1,5,2.575669737510425,0.7008344676720721
202,3.020334758796133,0.7396174294576177,0.3356972622325547,1,5,2.616645115659479,0.7022768108879219
203,3.020334758796133,0.7395951418917476,0.3393527338874412,1,5,2.6604485105709306,0.7088229435856003
204,3.020334758796133,0.7498793834185237,0.33869189913621317,1,5,2.6092558019136813,0.6960108421175925
205,3.020334758796133,0.7691686716099589,0.34211479258542166,1,5,2.6171787739209496,0.7005987528857757
206,3.020334758796133,0.736491731621644,0.3388042083748077,1,5,2.649754889997727,0.7537683291024131
207,3.020334758796133,0.7604151509866743,0.2749712298182116,1,5,2.6274468210171023,0.7636508029822885
208,3.020334758796133,0.7372728614240559,0.2869898238088431,1,5,2.643461416020175,0.7512529591759635
209,3.020334758796133,0.7369284056981871,0.28333146673349047,1,5,2.652596691684736,0.756520110126636
210,3.020334758796133,0.7260242396802037,0.2890372938114205,1,5,2.6401552489171696,0.7589266494574344
211,3.020334758796133,0.7267283451439014,0.2917581467633758,1,5,2.6550705090358866,0.7904353835023397
212,3.020334758796133,0.7252576305384474,0.28849613558974274,1,5,2.661422034254012,0.7780883048139182
213,3.020334758796133,0.7276954235063623,0.2955240592714286,1,5,2.6504665669245946,0.7727016242797372
214,3.020334758796133,0.7428113965260852,0.28352160839591395,1,5,2.6344993065560054,0.7786722768263603
215,3.020334758796133,0.7514225982747834,0.2884283122394824,1,5,2.651076634401938,0.7699869395520083
216,3.020334758796133,0.7406745566270055,0.3003504350752808,1,5,2.6453880820073095,0.786566529839094
217,3.020334758796133,0.7395529626909314,0.30347862971385314,1,5,2.666234955699714,0.7800176185155517
218,3.020334758796133,0.7318061425662268,0.29800168547820344,1,5,2.6604121637879348,0.7798954176598153
219,3.020334758796133,0.7351984440530945,0.2929970328755035,1,5,2.6165756837714436,0.7995594018497642
220,3.020334758796133,0.7222946239660312,0.2993300619239255,1,5,2.613351693447005,0.7617595875035131
221,3.020334758796133,0.7163126216382504,0.2991752695956759,1,5,2.6115074938694454,0.74646769532548
222,3.020334758796133,0.7261068151309936,0.29579442928814953,1,5,2.5971899880772193,0.7165646279025631
223,3.020334758796133,0.7575593431614676,0.30991092195752623,1,5,2.5926844213917497,0.7386229977844923
224,3.020334758796133,0.7340207631996006,0.28658968798384377,1,5,2.6236983612937577,0.7516843199852318
225,3.020334758796133,0.7411510382716028,0.28525299278889055,1,5,2.6208877125900254,0.708002444487663
226,3.020334758796133,0.7162873114329424,0.28157364527509593,1,5,2.620911799992251,0.7249354058454351
227,3.020334758796133,0.7332529272219894,0.2952947690036531,1,5,2.6489992782484952,0.6894391352981267
228,3.020334758796133,0.7621288693777813,0.2779217915639623,1,5,2.626597454741989,0.726641008935045
229,3.020334758796133,0.7364438698400952,0.2849340608119083,1,5,2.658510660559834,0.7317076677729367
230,3.020334758796133,0.7597120862846304,0.27809459561290395,1,5,2.6228691236878023,0.762987825497238
231,3.020334758796133,0.7516908164134731,0.2873982238267804,1,5,2.6530889888763793,0.7640061203831549
232,3.020334758796133,0.7306626438296623,0.29008372606610183,1,5,2.661969963097004,0.7600894529522261
233,3.020334758796133,0.7397765518961603,0.2780556895903022,1,5,2.677125097314117,0.7487569066559278
234,3.020334758796133,0.7229262000348203,0.2910850669952478,1,5,2.659199908618502,0.7289825175651339
235,3.020334758796133,0.7347745438648066,0.2819478647071217,1,5,2.6934930575174487,0.7387680930673228
236,3.020334758796133,0.7379126438301481,0.2732648362085594,1,5,2.7162515769398694,0.7140738687257421
237,3.020334758796133,0.7392265952657158,0.2858927495321759,1,5,2.705144902922202,0.7047968255964824
238,3.020334758796133,0.7583502172556033,0.30889173515292706,1,5,2.6779631872682863,0.7168372006898053
239,3.020334758796133,0.7591684156869173,0.30143251278421007,1,5,2.7303525069996173,0.7096694418729128
240,3.020334758796133,0.7572324475918268,0.3084817219857797,1,5,2.7369510324951736,0.7227426866077497
241,3.020334758796133,0.7719726777418447,0.3098210586378617,1,5,2.7172625367104466,0.7194523741626866
242,3.020334758796133,0.7387998794021811,0.32680975165292936,1,5,2.7076955458621486,0.7140966500824861
243,3.020334758796133,0.766011802074498,0.3179586091531761,1,5,2.6955107070535096,0.7080602682082553
244,3.020334758796133,0.7623750055352054,0.32589704203107794,1,5,2.7138297432960115,0.6996376258298149
245,3.020334758796133,0.7751833138890618,0.3237842138676694,1,5,2.699718244105144,0.7203119531206768
246,3.020334758796133,0.7751206343872904,0.3290270151271356,1,5,2.7048030010125985,0.7247174579600105
247,3.020334758796133,0.763146392575722,0.3283249616417106,1,5,2.6735084238373514,0.7250498687840554
248,3.020334758796133,0.7604601897888171,0.3268106888391813,1,5,2.6742123757195033,0.7357907202532324
249,3.020334758796133,0.7663221676161973,0.32666276444660675,1,5,2.6715045098217143,0.7510027758334886
250,3.020334758796133,0.7652902364154555,0.33260761204563455,1,5,2.690564688197044,0.7264296276617266
251,3.020334758796133,0.790593211547685,0.3237767507490317,1,5,2.7219857174444906,0.7112144600244427
252,3.020334758796133,0.7729400594854279,0.33770732878466414,1,5,2.7305171089281717,0.7248315133624041
253,3.020334758796133,0.7706795311799907,0.3259591117864654,1,5,2.6751446039982585,0.6889625280279388
254,3.020334758796133,0.7749705130387831,0.32893197091366266,1,5,2.6730288661054264,0.6877101394108267
255,3.020334758796133,0.7689034890393208,0.33968138089464006,1,5,2.6688609843828917,0.6755277897628068
256,3.020334758796133,0.7820193175633703,0.3260080509367553,1,5,2.653876939558769,0.6841989123648259
257,3.020334758796133,0.7842763584540132,0.3256829758335914,1,5,2.661333061054331,0.6599240762424777
258,3.020334758796133,0.7579130993206948,0.33479127207473036,1,5,2.650511448199044,0.6829358655629967
259,3.020334758796133,0.7611697595992417,0.3019865615001314,1,5,2.6506483546854778,0.6998615998932319
260,3.020334758796133,0.7610887468400375,0.30454986552717384,1,5,2.6492553471127023,0.6923288908698083
261,3.020334758796133,0.7682231510937211,0.2994252509683675,1,5,2.6621300101413823,0.7308180025646454
262,3.020334758796133,0.7528867487403099,0.2963084236215653,1,5,2.6135908095265434,0.7507429175291077
263,3.020334758796133,0.7235719361510806,0.29810937129014126,1,5,2.5923570725221583,0.7473016299772669
264,3.020334758796133,0.7503751402264072,0.28987670449223135,1,5,2.6194460967361692,0.7515272497812147
265,3.020334758796133,0.7607651462146354,0.2873689198948642,1,5,2.6546236151632043,0.7367490606416309
266,3.020334758796133,0.7488319202997629,0.29001047939093444,1,5,2.615278415411733,0.745857947005915
267,3.020334758796133,0.7386159969303934,0.2974275610733994,1,5,2.6449983373237465,0.735572443115894
268,3.020334758796133,0.7625660436941782,0.3034234103310873,1,5,2.6451782351358544,0.7701865775046566
269,3.020334758796133,0.7635339060519852,0.29960766821700585,1,5,2.5813303840134667,0.7527618052334338
270,3.020334758796133,0.7441352441404523,0.2938326968549964,1,5,2.599034797380722,0.7424386210105833
271,3.020334758796133,0.7305700803045069,0.2952982460536068,1,5,2.623175270786398,0.7416970165968789
272,3.020334758796133,0.7496251935643236,0.29890052566371245,1,5,2.660921137890873,0.7254378483039792
273,3.020334758796133,0.7945808434153703,0.3028337276336113,1,5,2.6221745811991397,0.7277403690763082
274,3.020334758796133,0.7892408566910772,0.30162043824703527,1,5,2.634923762445772,0.7430186185591547
275,3.020334758796133,0.7707899325954972,0.29430085687261703,1,5,2.6381901725715484,0.7522849772094699
276,3.020334758796133,0.759130994234208,0.28946824561849044,1,5,2.5688335504651176,0.7572613632990072
277,3.020334758796133,0.7336792116717771,0.290694406659342,1,5,2.531639091311834,0.7613164431925457
278,3.020334758796133,0.7541470955809393,0.2900659825864648,1,5,2.562757377253511,0.7601705828248487
279,3.020334758796133,0.7620566105076126,0.2800876625220547,1,5,2.57607290954658,0.7287392020631416
280,3.020334758796133,0.785323385922246,0.29906030747626305,1,5,2.5554453030002002,0.7541657760791242
281,3.020334758796133,0.7705196157340266,0.2848964820139434,1,5,2.5689664410425452,0.7363740112604213
282,3.020334758796133,0.760329853954628,0.2925057757807607,1,5,2.594049130328517,0.716225718637923
283,3.020334758796133,0.7659661799833304,0.28412783265077635,1,5,2.5775382991418065,0.7686994335848507
284,3.020334758796133,0.7518729141214355,0.2917675585390914,1,5,2.6127821746266404,0.7379119320198837
285,3.020334758796133,0.7427063590997564,0.29648376232666673,1,5,2.573709342116986,0.7528262457999614
286,3.020334758796133,0.764240174569228,0.29717602119493997,1,5,2.5298345304937877,0.7489107584953582
287,3.020334758796133,0.7446368028849447,0.29823398593608674,1,5,2.548344531077186,0.738136615388803
288,3.020334758796133,0.7591461413639864,0.29462838787757345,1,5,2.6057100361088534,0.6931585904951723
289,3.020334758796133,0.7565812518208396,0.29463782223773505,1,5,2.5836007809248236,0.6785601119349922
290,3.020334758796133,0.751503490700801,0.29790515974055276,1,5,2.589764505546878,0.6795443095490414
291,3.020334758796133,0.7464305127939835,0.2945983245053815,1,5,2.565628690694914,0.6549242913098176
292,3.020334758796133,0.7651717727546774,0.28521241405688647,1,5,2.5637820901088713,0.6718641209731434
293,3.020334758796133,0.7518112095173298,0.30305784522839513,1,5,2.5575970634001806,0.6695004280756426
294,3.020334758796133,0.7492022697881722,0.2956928266200614,1,5,2.539053795269695,0.6900230435257526
295,3.020334758796133,0.7375069979680923,0.29306749604401533,1,5,2.536060070418198,0.687797904032115
296,3.020334758796133,0.7404374497038723,0.2928051933272393,1,5,2.5508489410343094,0.6893474570510661
297,3.020334758796133,0.7319610784727647,0.31406417025268263,1,5,2.5421334322410454,0.6987374265199654
298,3.020334758796133,0.7333489206861697,0.29260672799981935,1,5,2.517224806831417,0.7500671064444208
299,3.020334758796133,0.7339147443005163,0.3032467699831916,1,5,2.5167375616461327,0.7261225333479024
300,3.020334758796133,0.7099398129001669,0.29360644675925796,1,5,2.526103235967017,0.7026405306506515
301,3.020334758796133,0.7380804820041188,0.2858274305904386,1,5,2.5651768494108076,0.7212005454924415
302,3.020334758796133,0.7428953116416904,0.3004218593155926,1,5,2.547801827052831,0.7225393419837403
303,3.020334758796133,0.7224097634488968,0.29902600472714524,1,5,2.5504918669472016,0.7017672304494368
304,3.020334758796133,0.7170125722621271,0.305067052043744,1,5,2.5453007069183435,0.7035545905488286
305,3.020334758796133,0.7244373689521689,0.2946032288519572,1,5,2.5823871876648683,0.6641060152379785
306,3.020334758796133,0.7550487216166171,0.2927957774390521,1,5,2.590682410077713,0.6834699140098425
307,3.020334758796133,0.7362063947788154,0.28742414096158486,1,5,2.5765981868484147,0.7407986243083231
308,3.020334758796133,0.719691378312952,0.2891871306583105,1,5,2.588624128018341,0.7279686491611145
309,3.020334758796133,0.7288865108643896,0.288151909000313,1,5,2.555351282249879,0.7319395295453266
310,3.020334758796133,0.7105623559829772,0.28569850857390416,1,5,2.623813953415349,0.7130387932596215
311,3.020334758796133,0.7258668676910642,0.28797149263877264,1,5,2.649922988501274,0.7346261806220086
312,3.020334758796133,0.7457798987945603,0.27803360099374397,1,5,2.645124877801735,0.7275176952957574
313,3.020334758796133,0.7450692454579683,0.28093724912320867,1,5,2.6315876566315928,0.7163404086197658
314,3.020334758796133,0.779251770739201,0.3166846119044649,1,5,2.6218575952889025,0.7195538595500158
315,3.020334758796133,0.740063611256663,0.28728730612322734,1,5,2.6112537387040167,0.701935908263099
316,3.020334758796133,0.7598666111318458,0.2985289865661172,1,5,2.6319880721037627,0.701131232539368
317,3.020334758796133,0.7488548991620128,0.28991667108277974,1,5,2.631614045109129,0.7014409719363452
318,3.020334758796133,0.7353181193536298,0.2950638423584444,1,5,2.69284646182679,0.7170732828627577
319,3.020334758796133,0.7477957740525618,0.2965980377758521,1,5,2.6649101177715293,0.7607974805568228
320,3.020334758796133,0.7465619672680704,0.2913520507508489,1,5,2.686053568814138,0.7146541919328123
321,3.020334758796133,0.7132267737506912,0.29684418402860135,1,5,2.686274335271314,0.6876498652893607
322,3.020334758796133,0.7509155042963943,0.29645498999122,1,5,2.705341116490943,0.7251395026040306
323,3.020334758796133,0.715271231529022,0.2907758156831947,1,5,2.711843052711307,0.7186174002923942
324,3.020334758796133,0.7420297196334985,0.28855108922508593,1,5,2.7411322537673,0.7003066304618555
325,3.020334758796133,0.7721648305417683,0.2970231489826578,1,5,2.7767557551409863,0.7186052122100697
326,3.020334758796133,0.7493346851350756,0.29199444439718786,1,5,2.7630879009913722,0.7371729882215229
327,3.020334758796133,0.7408711763363831,0.2993851862560082,1,5,2.780350789561311,0.7354228360129957
328,3.020334758796133,0.7818993019041075,0.2973035331502733,1,5,2.8087518223069456,0.7102329849861883
329,3.020334758796133,0.7765756157337674,0.2954178254511618,1,5,2.7774481753324767,0.722683257037546
330,3.020334758796133,0.7526185560480151,0.30402548512804534,1,5,2.7672804157705033,0.7109045085066122
331,3.020334758796133,0.7776913244879942,0.28881400622802844,1,5,2.755814767379156,0.7100317906438475
332,3.020334758796133,0.7515481917232796,0.30698094385307945,1,5,2.721560772154917,0.710721863096177
333,3.020334758796133,0.7820366590175587,0.3010727085960143,1,5,2.698755405585018,0.7048526934388158
334,3.020334758796133,0.7534844433848645,0.31090130931487997,1,5,2.7474081883675883,0.7136052925129425
335,3.020334758796133,0.7816787359840606,0.319516091956341,1,5,2.756683698197128,0.7117037593629163
336,3.020334758796133,0.7533370319731867,0.3088392861053326,1,5,2.7760389610389513,0.7137096640878232
337,3.020334758796133,0.7683050085448428,0.3145558049259032,1,5,2.76499840980714,0.7195945289750053
338,3.020334758796133,0.7766144894681921,0.30307222382550164,1,5,2.7758781088192768,0.71927847026019
339,3.020334758796133,0.802072509477785,0.30962031391273676,1,5,2.718410773792161,0.7412117230621923
340,3.020334758796133,0.7505736010719283,0.3023735149812546,1,5,2.67163321635912,0.7420105839672532
341,3.020334758796133,0.7401260483872785,0.30073162722562374,1,5,2.687326289087796,0.7284674428001602
342,3.020334758796133,0.7723705875380866,0.2924913968047449,1,5,2.6642560523731333,0.7112807204901875
343,3.020334758796133,0.7370054753270796,0.3033388731457075,1,5,2.645675269485904,0.7379647454147887
344,3.020334758796133,0.7651379858760791,0.30627773109265166,1,5,2.675086927940309,0.7442681736603279
345,3.020334758796133,0.7890972827673366,0.3105194098577332,1,5,2.6442290891131295,0.7497225509865226
346,3.020334758796133,0.7416718397729848,0.30802332114878156,1,5,2.6870868109653725,0.7330187656883873
347,3.020334758796133,0.7632680362551213,0.30500429083140923,1,5,2.699591054060034,0.7333014277944658
348,3.020334758796133,0.7831952646009335,0.29728606849629746,1,5,2.7494910878188814,0.7487618454420479
349,3.020334758796133,0.7825288438002072,0.30645732984296675,1,5,2.7448160550627003,0.7463738973990471
350,3.020334758796133,0.7787888198296185,0.3050509167862673,1,5,2.729875663503979,0.749020485272023
351,3.020334758796133,0.7828168637919727,0.3293670811467207,1,5,2.713550099981705,0.7422634426001127
352,3.020334758796133,0.7745500732071582,0.3178459915371518,1,5,2.7219835680751228,0.7702628146426262
353,3.020334758796133,0.7765568721703602,0.3317743415486266,1,5,2.727164563831223,0.7585423942394863
354,3.020334758796133,0.7845816362474188,0.33313313434194525,1,5,2.6620786382371473,0.7427913677719294
355,3.020334758796133,0.7661504469327473,0.33001954883536194,1,5,2.692184492027175,0.7649395375526882
356,3.020334758796133,0.7688898208878673,0.3184351368330873,1,5,2.7129725849919253,0.7559563257098323
357,3.020334758796133,0.7618608332680922,0.31585608878916754,1,5,2.676085510557984,0.7672401455615038
358,3.020334758796133,0.7558294656371967,0.31198986035625587,1,5,2.7165481982864828,0.7581805814315448
359,3.020334758796133,0.7615855526324975,0.3274074655975009,1,5,2.695732644145231,0.7583106994820908
360,3.0297162057970817,0.8094264482318794,0.41677897546026643,1,5,2.8004922732676154,0.7530660263445097
361,3.0297162057970817,0.7657109629416232,0.31910038612439445,1,5,2.7548862146591557,0.7680070503240523
362,3.0297162057970817,0.7663940795652754,0.3326187404274756,1,5,2.7400252297936456,0.7612289609103295
363,3.0297162057970817,0.742429166545095,0.3320362436475811,1,5,2.7518917855737803,0.7698097491610322
364,3.0297162057970817,0.7632995149271008,0.3480401247741573,1,5,2.7357655030323786,0.7953281708476998
365,3.0297162057970817,0.764666316724021,0.3640370654575654,1,5,2.7060181774679797,0.8179092365100108
366,3.0297162057970817,0.7177048337462704,0.3344994001882318,1,5,2.7143352119473745,0.8058256615340164
367,3.0297162057970817,0.7715661089999349,0.3455046465703704,1,5,2.7221480215122464,0.7977503215909115
368,3.0297162057970817,0.7674742061204957,0.3322507129396262,1,5,2.752651466630933,0.7952664253886338
369,3.0297162057970817,0.7683956876338063,0.32843979092806563,1,5,2.775748619911518,0.7731879982715655
370,3.0297162057970817,0.7669450532418248,0.3358289083729107,1,5,2.7219621528225635,0.780440638427323
371,3.0297162057970817,0.759934138617703,0.3484805306762338,1,5,2.7247761679371316,0.8173953741910099
372,3.0297162057970817,0.7324322046347327,0.3051131993155514,1,5,2.7171789438035145,0.8615307983035337
373,3.0297162057970817,0.7640278169459397,0.3238322087712963,1,5,2.7050869869478653,0.8605996570281484
374,3.0297162057970817,0.7418082693870014,0.32185388616392546,1,5,2.7157690608019105,0.8606248243665985
375,3.0297162057970817,0.7377825174980304,0.31255284347988554,1,5,2.7701180675191943,0.9090036789974534
376,3.0297162057970817,0.7164768518692225,0.3110118175001861,1,5,2.7261237420225646,0.8972822916381967
377,3.0297162057970817,0.734316439660607,0.3041312936431766,1,5,2.7825727338905746,0.8584987963736042
378,3.0297162057970817,0.7353686264141345,0.301628184370426,1,5,2.7727183426244832,0.8309233719363064
379,3.0297162057970817,0.7439015556886991,0.3082031863711626,1,5,2.767755841652873,0.8184182540430428
380,3.0297162057970817,0.7316024779132205,0.30351628809254694,1,5,2.7341196933716425,0.8389888972488402
381,3.0297162057970817,0.7166599900083948,0.30624581267004053,1,5,2.774253739115924,0.8288308241576023
382,3.0297162057970817,0.7623395860349931,0.3029225404687001,1,5,2.776589742950402,0.7881012658296426
383,3.0297162057970817,0.7332797387453032,0.31058491669924126,1,5,2.718600882221394,0.7704550880089218
384,3.0297162057970817,0.7225364959530115,0.30753940319108586,1,5,2.7836331968684482,0.7932332921884265
385,3.0297162057970817,0.7518154860912456,0.32249952313054553,1,5,2.7774643766971145,0.8021793668974053
386,3.0297162057970817,0.7696589347975246,0.31666053963286356,1,5,2.745157753023659,0.8180004489771335
387,3.0297162057970817,0.7578776005751223,0.30779888654367676,1,5,2.7623049868960594,0.8151272222814752
388,3.0297162057970817,0.7304878019105946,0.3029490247346796,1,5,2.723140359927894,0.8285852852447086
389,3.0297162057970817,0.7801192220179894,0.29824258772363854,1,5,2.717116602933583,0.838264767041564
390,3.0297162057970817,0.7414858255500523,0.2994459269879768,1,5,2.7682950900567134,0.8249856360406977
391,3.0297162057970817,0.7639000158815995,0.30445580441395653,1,5,2.7587802254858116,0.8153703295905526
392,3.0297162057970817,0.7198488944534289,0.30096195758693595,1,5,2.815650169831742,0.7704772220390843
393,3.0297162057970817,0.7358610866595147,0.30779746206570197,1,5,2.7984778281683087,0.7816885890921421
394,3.0297162057970817,0.7423043739773195,0.30600179635669106,1,5,2.7971412230730595,0.8032244024432414
395,3.0297162057970817,0.7457771057063086,0.2960632006763107,1,5,2.8306090532678154,0.8006347505529245
396,3.0297162057970817,0.7455708944047698,0.3071712682173833,1,5,2.8287395244591655,0.8014958492518758
397,3.0297162057970817,0.7526907825659537,0.3072621963082042,1,5,2.802110118262122,0.7982616758175316
398,3.0297162057970817,0.7601019682012073,0.3115036008677027,1,5,2.7722572960710696,0.8180617714036686
399,3.0297162057970817,0.7388124231086473,0.3154664653706898,1,5,2.772502144152901,0.7849211393205601
