Number of generations: 148
Total run time: 3904 seconds
gen_num, champ_fit, average_fit, std_fit, champ_cppn_con, champ_ann_con, mean_genetic_dist, std_genetic_dist  
0,1.304492049590144,0.8139637367189142,0.03862106613959955,1,5,0.26475208766110203,0.14001111500755412
1,2.01,0.8291084246243979,0.09149455332730297,1,5,0.2720040191783287,0.14323777137336113
2,2.4011007858322557,0.8492299853708162,0.15206471513482622,1,5,0.31494976429189536,0.18404743611091487
3,2.4011007858322557,0.8562292975771645,0.16066609309552124,1,5,0.28927203758618675,0.13169371600025764
4,2.4011007858322557,0.8648504500876442,0.1651649864296633,1,5,0.29712262048586324,0.15225677171793967
5,2.4011007858322557,0.8701816567315833,0.1737303034783954,1,5,0.2960598931928469,0.14740529139342987
6,2.4011007858322557,0.8636605936467099,0.17520149960554493,1,5,0.3135762776829131,0.17267967210499632
7,2.4011007858322557,0.8740647011453674,0.19562192587198063,1,5,0.3204861547921563,0.17981883680838587
8,2.4011007858322557,0.8724487567130148,0.21269389823008805,1,5,0.3178540538337208,0.17098777205468163
9,3.2570801697895657,0.8967002438732459,0.26206456092821406,1,5,0.3497385475942934,0.22194493516607317
10,3.2570801697895657,0.8947410096084955,0.2777062401738814,1,5,0.3987573886641606,0.27261951443418275
11,3.2570801697895657,0.9096588674872154,0.2844936067913433,1,5,0.35595647969983785,0.2272838086293457
12,3.2570801697895657,0.9250792863347419,0.3193647484493262,1,5,0.3717671912614606,0.23804053235511655
13,3.2570801697895657,0.924895991473807,0.3141737772712815,1,5,0.3919160320714483,0.26760687983313713
14,3.2570801697895657,0.9314352834304128,0.34126512950076715,1,5,0.3447681202086054,0.22679121312883055
15,3.2570801697895657,0.932976406172729,0.3512344680307508,1,5,0.36083716071605204,0.19171134937431256
16,3.2570801697895657,0.9350506027190384,0.35724087205557337,1,5,0.38851194878054596,0.19859260786172508
17,3.2570801697895657,0.9449904281279974,0.3669989255299224,1,5,0.40123907954081156,0.19778097767854005
18,3.2570801697895657,0.9381460540431302,0.3707026579925723,1,5,0.44884763473422323,0.21173384346142762
19,3.2570801697895657,0.9434509194846725,0.3683732921206932,1,5,0.4231907110132834,0.21808112497037546
20,3.2570801697895657,0.949937532226395,0.3794777203506753,1,5,0.42018323192084056,0.2276023670533149
21,3.2570801697895657,0.9567628341669896,0.3813852300820369,1,5,0.417614123406317,0.211336253418706
22,3.2570801697895657,0.9551003751791944,0.4014617740975429,1,5,0.43108631143723575,0.24231380833499938
23,3.2570801697895657,0.9623676124275005,0.3970563686005866,1,5,0.37661518073284306,0.25244477889079775
24,3.2570801697895657,0.9820276811730237,0.40758137297000724,1,5,0.38254710921943924,0.2722710627407235
25,3.2570801697895657,0.9719459028187621,0.4173977936525188,1,5,0.3693116398321223,0.26728915435048034
26,3.2570801697895657,0.9612026120008841,0.4128726475578082,1,5,0.372537699546269,0.2628781916675488
27,3.2570801697895657,0.9629302907221756,0.40757000754783224,1,5,0.34026971736623396,0.23622197770052836
28,3.2570801697895657,0.9741519039353134,0.4166539857002132,1,5,0.35314475223340874,0.2350658259809879
29,3.2570801697895657,0.9695400829177413,0.41652357196203954,1,5,0.35045554811762514,0.2531820086705977
30,3.2570801697895657,0.9767799239125385,0.4231515172115312,1,5,0.34382068604286475,0.21989771716493145
31,3.2570801697895657,0.962805003708569,0.41428997338799994,1,5,0.3513563015542595,0.23270370350302907
32,3.2570801697895657,0.9668509726027507,0.41567928514374675,1,5,0.37310629692596814,0.24793227253747743
33,3.2570801697895657,0.9767491957384292,0.4159207372037904,1,5,0.35888645392876406,0.25028161620023565
34,3.2570801697895657,0.9622869731637023,0.4145550189283633,1,5,0.35928556003219164,0.22969282119562429
35,3.2570801697895657,0.9703313910846515,0.41567983330313435,1,5,0.37285823384241035,0.25428611282145186
36,3.2570801697895657,0.9812146130536752,0.43210469427114734,1,5,0.35947701284130446,0.23052317611917278
37,3.2570801697895657,0.9671127308352067,0.4219385542123133,1,5,0.3393748438696343,0.21589547220251512
38,3.2570801697895657,0.9705852802595156,0.42576596833970787,1,5,0.3400172100788552,0.2316945488815448
39,3.2570801697895657,0.9721582580113428,0.43930332547394435,1,5,0.35333115895512823,0.24189173534561942
40,3.2570801697895657,0.9696094672099301,0.4246560174018455,1,5,0.3252098562680694,0.20524375858866067
41,3.2570801697895657,0.9666363989946596,0.4266047261997407,1,5,0.30917801339394524,0.18695262067357613
42,3.2570801697895657,0.9698843824341487,0.43252461511574825,1,5,0.33336280653493056,0.22589416537402857
43,3.2570801697895657,0.983195666744507,0.4363485280018237,1,5,0.34380151687980054,0.21491679064258953
44,3.2570801697895657,0.9762576479033841,0.4299159926374739,1,5,0.34269591041571545,0.2179827392032762
45,3.2570801697895657,0.976964944332845,0.43712252519609934,1,5,0.3375760794830785,0.2260367448020167
46,3.2570801697895657,0.9704482614154192,0.43130246351029017,1,5,0.3394079905165252,0.22530714784908
47,3.2570801697895657,0.9829819415299229,0.435433255366196,1,5,0.3165334500307301,0.19363467453449798
48,3.2849417676682138,0.9824581572283025,0.45471076909904573,1,5,0.336444779492206,0.22792890784843872
49,3.2849417676682138,0.985741672233231,0.4583234552590302,1,5,0.3222118151259043,0.19806471412746424
50,3.2849417676682138,0.9773487487414921,0.4624739894559129,1,5,0.3298386866930175,0.20171803679806885
51,3.2849417676682138,0.9872687539558952,0.47562355586489563,1,5,0.33696467931486024,0.2195269206524234
52,3.2849417676682138,0.9803276299738678,0.48067134147016927,1,5,0.3266120632887559,0.2042958945380627
53,3.2849417676682138,0.991381257247268,0.46946927564217295,1,5,0.3146030191403183,0.19736099660684614
54,3.2849417676682138,0.9834206344954117,0.474102709660859,1,5,0.29661649373271326,0.1600510244343264
55,3.2849417676682138,0.9984227113247067,0.4810861172406416,1,5,0.3099609339288751,0.1623437009801116
56,3.2849417676682138,0.9969410737619407,0.486838449545978,1,5,0.3161029337392182,0.16791175944995834
57,3.2849417676682138,0.981420883624348,0.4837695661660278,1,5,0.33448084595535393,0.20104010754558987
58,3.2849417676682138,0.9838471431166922,0.48215855578945505,1,5,0.3064474018141844,0.17586755685329716
59,3.2849417676682138,0.9857954266112223,0.4812354343309468,1,5,0.2882168084726792,0.1700130501142354
60,3.2849417676682138,0.9914342769915045,0.4801813461223949,1,5,0.29593395624118146,0.1942923617327601
61,3.2849417676682138,0.9816108968171843,0.47759959128790574,1,5,0.31300635285178346,0.1796255635394528
62,3.2849417676682138,0.9998804572374718,0.47885336807310275,1,5,0.33857266125274077,0.20340673321226838
63,3.2849417676682138,0.9880837767924462,0.47669875447460625,1,5,0.3298137372092501,0.19117797187854343
64,3.2849417676682138,0.9925048746447872,0.47787907461580054,1,5,0.34552989172728327,0.2265294437711409
65,3.2849417676682138,0.9912804240373236,0.48833094470783667,1,5,0.3291207027481057,0.19026658830342144
66,3.2849417676682138,0.9927221402242221,0.4810719784449586,1,5,0.3391825516869582,0.20154642669583575
67,3.2849417676682138,0.9870678634550148,0.4888885064554687,1,5,0.31499822306426173,0.17351031098858277
68,3.2849417676682138,0.9911844516897134,0.4853207109178696,1,5,0.33559764892130073,0.2135392375117034
69,3.2849417676682138,0.9960695751595326,0.48292396273174043,1,5,0.34872810422437933,0.216188814200465
70,3.2849417676682138,0.9955525569735865,0.4878174158049207,1,5,0.3406731912467869,0.2100296987684447
71,3.2849417676682138,0.9950257248943637,0.48901337765093655,1,5,0.3107652509791611,0.17846246020803508
72,3.2849417676682138,1.004096957489001,0.4970631461226395,1,5,0.33847665598543836,0.18907449975026397
73,3.2849417676682138,0.9861253819382925,0.4912363575516694,1,5,0.34465373646081465,0.20581940857553604
74,3.2849417676682138,1.003382705576739,0.49921753761595206,1,5,0.3374752090940067,0.20972038688726777
75,3.2849417676682138,0.9933900650683112,0.4981164853754505,1,5,0.37926832361432083,0.26027774854623514
76,3.2849417676682138,1.0208437012064726,0.5276883037785686,1,5,0.36012040641132564,0.23470466470650467
77,3.2849417676682138,1.0064533242258584,0.5264067512550719,1,5,0.3400219266715731,0.18442692363547072
78,3.2849417676682138,1.002581716940432,0.5228338628236525,1,5,0.35019280919674645,0.20962101900075264
79,3.2849417676682138,0.9906222662534846,0.5216055800459848,1,5,0.33380712239885224,0.1720720903828545
80,3.2849417676682138,0.9994042591604815,0.5145975409762377,1,5,0.32481018052261257,0.17844885100308744
81,3.2849417676682138,1.0072144829429943,0.5222294513357985,1,5,0.31127827721964424,0.17329164421240398
82,3.2849417676682138,1.0169194013051324,0.5292452836668117,1,5,0.3270126072795123,0.16240164594541986
83,4.01,1.012911698428779,0.5499036977358619,1,5,0.3156061452031432,0.15357810970951072
84,4.01,1.0178124041495897,0.5473921119869771,1,5,0.3261420691172596,0.17762147014414584
85,4.01,1.0095425553072543,0.5501031167319412,1,5,0.37301714959941557,0.18420831164016654
86,4.01,1.0236407642648677,0.5683741269576572,1,5,0.4111583965474695,0.2081847385428997
87,4.01,1.0183312715972235,0.5553476999482732,1,5,0.39381424263879206,0.1780385355120169
88,4.01,1.0110372024403484,0.5490661074460069,1,5,0.40389886149457405,0.18873382149636894
89,4.01,1.0041254858147564,0.5605493567177451,1,5,0.41430669111238455,0.20200883848345125
90,4.01,1.048686729685217,0.5956572303172891,1,5,0.3858100604158233,0.1844160650894757
91,4.01,1.0274096269451027,0.5822125757794953,1,5,0.3902251473553136,0.1764866300127478
92,4.01,1.0234681133250447,0.5784561719508219,1,5,0.38473483838034356,0.18075053816642145
93,4.01,1.0135667640045483,0.5786460239790814,1,5,0.37803352989857775,0.17627726736334692
94,4.01,1.0125559662351058,0.5791673704895482,1,5,0.40425339193783616,0.2072319124382585
95,4.01,1.0180480114014787,0.5780235497547744,1,5,0.40035362881332437,0.19618357575248874
96,4.01,1.027099264305029,0.5809707170369086,1,5,0.39511410130951813,0.19215556334105552
97,4.01,1.0057458380134774,0.5843946694285426,1,5,0.39933970278839226,0.18957626188784238
98,4.01,1.026798805765826,0.5845151727201926,1,5,0.40429551676930725,0.20006436841782455
99,4.01,1.0232034363353069,0.5838957227979787,1,5,0.39071416393276454,0.18626856426219285
100,4.01,1.018287758881979,0.5819540846469945,1,5,0.3926266677494776,0.17606057239270162
101,4.01,1.024669233687777,0.5814153609019539,1,5,0.3735713783530309,0.1581462890368822
102,4.01,1.0104763081219739,0.576372327705239,1,5,0.36555119888533116,0.1554737192746485
103,4.01,1.022316932241427,0.5790201459158427,1,5,0.35443294826888916,0.15445042545364393
104,4.01,1.0263437352295273,0.5855116375311611,1,5,0.3618831199163991,0.13442109636939564
105,4.01,1.0194241932129402,0.5795331031027645,1,5,0.3782040391939124,0.19620195580655328
106,4.01,1.021524579955184,0.5815851024182618,1,5,0.3445962962045296,0.14459462512100538
107,4.01,1.0349050242194553,0.6053746631377134,1,5,0.3479787259251726,0.13314571831563962
108,4.01,1.0346888754444645,0.6044411274935036,1,5,0.34820615164355184,0.1440208821524003
109,4.13273867102508,1.0422312197262775,0.6240296431514557,1,5,0.34969889036997276,0.13940605685946827
110,4.13273867102508,1.0244489914029682,0.6235651577210821,1,5,0.37095060964457904,0.1622357261666634
111,4.13273867102508,1.0386637171747313,0.6368170218376463,1,5,0.3932164270816711,0.17694350966531353
112,4.13273867102508,1.0374346252553917,0.634855652691794,1,5,0.36605387063970307,0.14342788230884765
113,4.13273867102508,1.0433942012430901,0.634068957453869,1,5,0.3744921356756236,0.1759408308733779
114,4.13273867102508,1.02388546595096,0.6271414273962596,1,5,0.37534517365517894,0.14815652394367568
115,4.13273867102508,1.0217342175840454,0.6236087191130931,1,5,0.37012864346448526,0.1536859675033317
116,4.13273867102508,1.0460953895461595,0.6318517339396623,1,5,0.38132273780520826,0.1607898375393315
117,4.13273867102508,1.029950686950652,0.6277770461550789,1,5,0.37764067520686373,0.1414061486655462
118,4.13273867102508,1.049414351665093,0.630311792130369,1,5,0.37768856119419714,0.14634824496415674
119,4.13273867102508,1.040687981351032,0.6289441762404696,1,5,0.39606193593070643,0.1788462993620888
120,4.13273867102508,1.0354224972161572,0.6265241525044988,1,5,0.3773925582858379,0.15492493159372814
121,4.13273867102508,1.0252433163210946,0.6272534433023811,1,5,0.3885761398558976,0.1446472288250763
122,4.13273867102508,1.033117659024667,0.6425364660137577,1,5,0.3871978098884648,0.16111768185648237
123,4.13273867102508,1.0304430418999677,0.6365953861775612,1,5,0.3675182833948031,0.1343469528429757
124,4.13273867102508,1.041980753420884,0.6381614360381562,1,5,0.4064252007377382,0.18358460561107537
125,4.13273867102508,1.0433179566231114,0.6406832931692684,1,5,0.38510840008188624,0.15607313124177666
126,4.13273867102508,1.035477751877862,0.6392202296149612,1,5,0.37989054985757287,0.18158193053996255
127,4.13273867102508,1.0276307184161144,0.6369440017449796,1,5,0.36298549115442436,0.1469556092503786
128,4.13273867102508,1.038378450386567,0.6417428633636535,1,5,0.37617794221357703,0.16015243328241413
129,4.13273867102508,1.0492047498344128,0.6563477317554537,1,5,0.38876506566629826,0.15708630662143774
130,4.13273867102508,1.050800695226719,0.6494530014023707,1,5,0.3771398110109393,0.13420716856859763
131,4.13273867102508,1.0444066008945136,0.6487957380621397,1,5,0.37655506813736583,0.13167887668138994
132,4.13273867102508,1.0390019052039785,0.6491708668828462,1,5,0.38025375061427485,0.16735903786179607
133,4.13273867102508,1.03374705904045,0.6451427642637861,1,5,0.3858092437108401,0.1468141934703448
134,4.13273867102508,1.0553240105108064,0.649522230864664,1,5,0.3993383031125012,0.156110271523556
135,4.13273867102508,1.034801585543339,0.6484887954977918,1,5,0.38640792142059205,0.15638453300377841
136,4.13273867102508,1.041986310051013,0.6493804947732492,1,5,0.38191032277190345,0.17187382602443504
137,4.13273867102508,1.0432600394443161,0.6452387249304652,1,5,0.3848373278605,0.14260850108088055
138,4.13273867102508,1.042111090964089,0.6438733260761411,1,5,0.39505151253178505,0.16473068908963504
139,4.13273867102508,1.03722030065231,0.6426150929190962,1,5,0.39809292575567257,0.1804879090015766
140,4.13273867102508,1.0338982251405835,0.6432733665021881,1,5,0.37970248629485076,0.14269021990293784
141,4.13273867102508,1.0392243466178683,0.6465424125733555,1,5,0.3938929013252551,0.1723575202907382
142,4.13273867102508,1.061581041864112,0.6591317247767094,1,5,0.4041946057836295,0.1758876055276661
143,4.13273867102508,1.043621706941648,0.654173497938346,1,5,0.3868198968249398,0.17805317510835242
144,4.13273867102508,1.030844129240777,0.6544847293077317,1,5,0.3859044100084663,0.161635845847464
145,4.13273867102508,1.0314979755857345,0.6494028148942909,1,5,0.37495099521748204,0.14312878382057992
146,4.13273867102508,1.0393928708516489,0.6529743045070299,1,5,0.3654154790080616,0.14505296392121897
147,4.13273867102508,1.0452824208619669,0.6486441726855077,1,5,0.40196110962176496,0.18487417462707148
148,10.0,1.066762127391555,0.8304114353800498,1,4,0.40196110962176496,0.18487417462707148
