Number of generations: 500
Total run time: 2296 seconds
gen_num, champ_fit, average_fit, std_fit, champ_cppn_con, champ_ann_con, mean_genetic_dist, std_genetic_dist  
0,1.1112421530050665,0.6314531923902511,0.14300738631714452,3,14,1.720613364340625,0.28594597559310403
1,2.01,0.7135758045143132,0.20937204640397258,3,14,1.648543036980699,0.2835915693250323
2,2.062435674827724,0.719049737665688,0.24385205604853333,4,16,1.790493779344456,0.31081770352968535
3,2.062435674827724,0.7575269144109212,0.26501005050357834,4,16,1.7757679537978865,0.452058963553427
4,2.062435674827724,0.7957567160971353,0.3140616753428492,4,16,1.6090653525295617,0.44931751424275934
5,2.251617462812808,0.8475639696279503,0.39921574322507986,3,14,1.6880958561185189,0.40961540279894576
6,2.251617462812808,0.7886113505298287,0.3612823915877316,3,14,1.5333170844096626,0.42930676407345214
7,2.251617462812808,0.7930985806391978,0.3355600949888102,3,14,1.5289788701497473,0.4426476919345459
8,2.2801488274903376,0.7911608469698426,0.3493499248804482,3,11,1.4632510335432531,0.4506200270656607
9,2.2801488274903376,0.8177808124057853,0.4234806466420504,3,11,1.4142517213158772,0.3629705882394746
10,2.2801488274903376,0.7763773612764772,0.39037010644212616,3,11,1.4407369073735543,0.4250092566515251
11,2.2801488274903376,0.8033106652626546,0.39404594602420684,3,11,1.5396943914703207,0.47714600344044544
12,2.2801488274903376,0.8214641276685813,0.4182005589094863,3,11,1.4478672668051722,0.3754839554297405
13,2.2801488274903376,0.8448320743631322,0.43171708965234573,3,11,1.3312034036288434,0.305135297809418
14,2.2801488274903376,0.8556574915744328,0.41009813681603186,3,11,1.3562618531301136,0.314280397418002
15,2.3691738248427545,0.8429831871115803,0.4281671166999894,4,13,1.3995470836643233,0.3210822424110022
16,2.3691738248427545,0.8589661833433857,0.4530458523760871,4,13,1.4666739468881596,0.2626144228821612
17,2.3691738248427545,0.7961694654753844,0.38339770117278166,4,13,1.4785401970100125,0.3019031284201795
18,2.4908260375683526,0.8237660621131847,0.4182391915311747,4,11,1.5639914335026928,0.27883804967230286
19,2.4908260375683526,0.8166635301369878,0.40220838478110643,4,11,1.4976776258618196,0.2706689283042782
20,2.4908260375683526,0.8872060583689667,0.4451650901386388,4,11,1.548933489410824,0.26525785682188296
21,2.4908260375683526,0.8865717671444319,0.4358597720175793,4,11,1.565963079253863,0.30872394622953764
22,2.4908260375683526,0.8872009925524417,0.43823814161439706,4,11,1.6347957632560493,0.268893824120841
23,2.4908260375683526,0.7982451668221018,0.4080721068806639,4,11,1.747245788590998,0.2750707365674744
24,2.4908260375683526,0.8241004431260867,0.397766400746634,4,11,1.814786657515628,0.2730352758765057
25,2.4908260375683526,0.8928474743276036,0.474119838891253,4,11,1.7860322007409861,0.24460857401066016
26,2.4908260375683526,0.8495438493323839,0.4351150092625875,4,11,1.81287004148423,0.21256122741586647
27,2.527038219274712,0.9495597746510661,0.5319814981273936,4,12,1.8563815038244746,0.2525862696659019
28,2.527038219274712,0.8928502597178655,0.45213373113499794,4,12,1.7347976113527976,0.21921130122004287
29,2.527038219274712,0.9225419196519605,0.46551167167814905,4,12,1.7147943212211954,0.26865570024889673
30,2.527038219274712,0.8998889955942212,0.42884472562217646,4,12,1.8044362540833585,0.31770400286708056
31,2.527038219274712,0.9422275604291673,0.48011454249666125,4,12,1.850966676576249,0.3485752253775833
32,2.527038219274712,0.8594671746803668,0.4153821495371231,4,12,1.9458384018304493,0.44397428334020284
33,2.527038219274712,0.9380420393571346,0.5077641571672392,4,12,2.103332041220425,0.4520914964487839
34,3.01,0.9413951205174892,0.5105092664514208,4,11,2.05075404026884,0.4867847473828316
35,3.01,1.021983062593441,0.5246092998698865,4,11,2.037120054886813,0.43925036796240996
36,3.01,1.036345005751948,0.5418275423939525,4,11,1.9939463965258521,0.47179418003515494
37,3.23219828929244,1.0303153532797256,0.5446608468534448,3,10,1.9295517724539475,0.47815471618202315
38,3.23219828929244,1.055142845394615,0.58170130294161,3,10,1.8618956286310522,0.45924734012307716
39,3.23219828929244,1.1265679007995386,0.6087276912728289,3,10,1.8825852306281596,0.4809501804127907
40,3.23219828929244,1.0891828144831817,0.6183195109654931,3,10,1.8735691492273703,0.49696012752896135
41,3.23219828929244,1.1158278378876356,0.6190138297376492,3,10,1.801489344124515,0.5212113939953784
42,3.23219828929244,1.1171382912802512,0.6079143664643556,3,10,1.841340008552389,0.4942109825973409
43,3.320240144429891,1.06820342824787,0.5854712681329424,3,10,1.7906119729372616,0.4366583043009245
44,3.320240144429891,1.0739961318754194,0.5757975100291719,3,10,1.7920828565875841,0.40849282295407674
45,3.320240144429891,1.0272480275117803,0.5791690358550523,3,10,1.8554723242347932,0.36458123727159114
46,3.320240144429891,1.0456908372914449,0.5823035878673313,3,10,1.789623867197231,0.3728954196818224
47,3.320240144429891,1.028699919339648,0.5467407995988478,3,10,1.662542208299591,0.4110164011542201
48,3.320240144429891,1.0677349323806826,0.5615511877297198,3,10,1.6224611068197101,0.40867078822163244
49,3.320240144429891,1.0527509596045987,0.5916944780743825,3,10,1.7068636743409584,0.45176897597940274
50,3.320240144429891,0.9868299064351177,0.5808740035174733,3,10,1.7501552767805495,0.49111823160167606
51,3.320240144429891,1.0064577577123819,0.5613803112841093,3,10,1.779391903427849,0.5009508020309307
52,3.6795537697449734,0.9974137195188479,0.58292667576626,3,13,1.7021500398397544,0.5289245792766831
53,3.6795537697449734,0.9663314834730976,0.5396922227510935,3,13,1.6788573686868709,0.4780333073584241
54,3.72068253583864,0.9254104077435596,0.5514451844416313,4,10,1.6229447602295368,0.477851907646885
55,3.72068253583864,0.9954654861618065,0.5829539120676528,4,10,1.6816477642573677,0.493091327377432
56,3.72068253583864,1.0281635077977338,0.5858205458466698,4,10,1.8056949498657133,0.5328615793878737
57,3.72068253583864,1.0944745867692742,0.6433711842227362,4,10,1.8583197051652327,0.4825197168684347
58,3.72068253583864,1.0287532925353904,0.6517537828175229,4,10,1.8427694728986883,0.48145663869685873
59,3.72068253583864,1.0335331147260862,0.6079306040427302,4,10,1.7725041252545668,0.4605675174183429
60,3.72068253583864,1.0623908543214395,0.6126932603263857,4,10,1.8557633448606203,0.49173493852701367
61,5.636020359107222,1.0551259971858762,0.6824496429441891,5,14,1.9717128357426086,0.520888340042465
62,5.636020359107222,1.0739262966017946,0.6617609319774523,5,14,1.9710492379919038,0.5859508922768482
63,5.636020359107222,1.0756220727212322,0.6564883954929375,5,14,2.029744582153435,0.5570107755035659
64,5.636020359107222,1.0289150133428047,0.6453124616386999,5,14,2.0269110616070534,0.5289652966066897
65,5.636020359107222,1.0935148757663296,0.658737435800711,5,14,1.938288685350725,0.4187624810142818
66,5.636020359107222,1.0650609563097717,0.6806874675744722,5,14,1.9960449008583483,0.40940376013204965
67,5.636020359107222,1.0830815169796448,0.6724668499203876,5,14,2.023703801485247,0.3924242252178615
68,5.636020359107222,1.1014870114873887,0.7089622048473888,5,14,2.0348538819475364,0.36670368908268286
69,5.636020359107222,1.1354656439283908,0.7479551693861471,5,14,2.1361076802792183,0.3992566152361333
70,5.636020359107222,1.0243164323919727,0.6889909345464464,5,14,2.2440593919735914,0.35015483045893636
71,5.636020359107222,1.0914160999850604,0.6698397765464871,5,14,1.9646028403700155,0.48061287857683266
72,5.636020359107222,1.1687503527444127,0.7778002539633507,5,14,1.6304861629977048,0.3912943444624852
73,5.636020359107222,1.1507354818250846,0.7603660445798827,5,14,1.644478757073162,0.3644660017188642
74,5.636020359107222,1.1222179871036078,0.7631180311612813,5,14,1.5622881605421417,0.3799971612659275
75,5.636020359107222,1.1567256298572584,0.7613198882030865,5,14,1.6136194368873003,0.38758452322698445
76,5.636020359107222,1.142063883297465,0.7260177519681859,5,14,1.7749926488433883,0.4055067944957187
77,5.636020359107222,1.0724014611435868,0.6966837737695644,5,14,1.8345518960467435,0.39551193780778504
78,5.636020359107222,1.157407222087874,0.7612646890676317,5,14,1.7600871232963717,0.4038850934389984
79,5.636020359107222,1.0800533029363049,0.721518935290907,5,14,1.6555865233324158,0.42164952085336455
80,5.636020359107222,1.159074639935046,0.7613170510798603,5,14,1.590689628761598,0.4317709651016983
81,5.636020359107222,1.0936091005993334,0.7349074688497071,5,14,1.3818103118623852,0.39617570365445176
82,5.636020359107222,1.0895984851008211,0.7431715880702986,5,14,1.4878093393272311,0.36277846877248093
83,5.636020359107222,1.0953915083520904,0.7078138048897203,5,14,1.5132152364205567,0.3391995063133437
84,5.636020359107222,1.0817655132943866,0.7415786525049194,5,14,1.508857780341426,0.4187883462939779
85,5.636020359107222,1.1515210265448126,0.7577831060980417,5,14,1.5564288083042122,0.43879387563910593
86,5.636020359107222,1.1462000147715958,0.7736360487686027,5,14,1.687099478079241,0.42190581838107416
87,5.636020359107222,1.1366459955027637,0.760957029998166,5,14,1.6377093771765427,0.4094884756708462
88,5.636020359107222,1.0689853093063977,0.7228222177185859,5,14,1.6448710471891328,0.42237605844501025
89,5.636020359107222,1.1154640667783764,0.7567771286568332,5,14,1.6986656554479609,0.3776149859231423
90,5.636020359107222,1.1663508292622704,0.7619139238597625,5,14,1.7518144868172028,0.45535180686407045
91,5.636020359107222,1.0951351689510498,0.7983379719556981,5,14,1.7463598700409892,0.3998535040613174
92,5.636020359107222,1.100733889909351,0.7569044100963239,5,14,1.6710407999921184,0.4588420408195795
93,5.636020359107222,1.1228287973274782,0.775122607655906,5,14,1.5918301719404317,0.4836175624649113
94,5.636020359107222,1.0775912184322063,0.7403622797471658,5,14,1.7482854191609736,0.4384520372178616
95,5.636020359107222,1.147991016389522,0.754761057230565,5,14,1.7176282935680596,0.4478819900524904
96,5.636020359107222,1.073966109414981,0.7241734004126266,5,14,1.6301887610437882,0.504817945753103
97,5.636020359107222,1.0903619213060756,0.7789917675037171,5,14,1.6637570247473754,0.5367579434930008
98,5.636020359107222,1.0213714086396501,0.7176728354744745,5,14,1.5050379951608817,0.47631251598214963
99,5.636020359107222,1.123087064247305,0.7762789614642813,5,14,1.4899376507116413,0.3927309974546001
100,5.636020359107222,1.0889793296210055,0.7293380481407697,5,14,1.5191928531166858,0.4336561353899055
101,5.636020359107222,1.151604561687841,0.8118927695644305,5,14,1.5438294158905743,0.4402547421357084
102,5.636020359107222,1.1241870551630557,0.7192050279890525,5,14,1.6376231323476238,0.4547929941193123
103,5.636020359107222,1.1273869931875715,0.7741026243752333,5,14,1.512521304303163,0.4222745700101322
104,5.636020359107222,1.0021634395626073,0.6945087357060481,5,14,1.6381858336734478,0.3844891353508051
105,5.636020359107222,1.1113683288278213,0.7386199790144784,5,14,1.7766722864957858,0.4447121518523006
106,5.636020359107222,1.1488806550717912,0.7633663137035729,5,14,1.8018577736311865,0.4532504268784884
107,5.636020359107222,1.100378368471019,0.6935657191145894,5,14,1.6338555375622594,0.5046579884649336
108,5.636020359107222,1.1359950481680614,0.7509909660545462,5,14,1.6131542697009482,0.481195721641242
109,5.636020359107222,1.1508407682774908,0.7302349960271971,5,14,1.808220954691301,0.4517265498803782
110,5.636020359107222,1.106279890224471,0.7340013905981883,5,14,1.8473615412802262,0.4194029125904335
111,5.636020359107222,1.06421566869897,0.7183439101114331,5,14,1.7696637734180567,0.4206650595973769
112,5.636020359107222,1.0999518599605143,0.7467380887347669,5,14,1.5387870778588375,0.4902449062905518
113,5.636020359107222,1.0941478049838747,0.7202369455230914,5,14,1.5395351527626928,0.44464167438090035
114,5.636020359107222,1.1186305328624144,0.7418103161101193,5,14,1.432429930841767,0.4524739660956249
115,5.636020359107222,1.1011132846947234,0.7685708280907124,5,14,1.3932132615485058,0.44788052759026126
116,5.636020359107222,1.1412409402492203,0.7756736475806286,5,14,1.4543136364058575,0.3900126762102394
117,5.636020359107222,1.168570940010614,0.7699843712476332,5,14,1.4661424515101502,0.422983638930573
118,5.636020359107222,1.0578362232441587,0.7563127112494776,5,14,1.5230988671321142,0.4103728285196227
119,5.636020359107222,1.0593414687701965,0.7123779765261465,5,14,1.4266722896081887,0.411755383109728
120,5.636020359107222,1.0612871585199823,0.742875175764317,5,14,1.499555279352045,0.45589311422335166
121,5.636020359107222,1.013698160696448,0.6979693808147048,5,14,1.4784242508405776,0.4533773713156161
122,5.636020359107222,1.0438210789664382,0.7049665490630718,5,14,1.5643805507675137,0.4109278754875547
123,5.636020359107222,1.0193996786505177,0.6864577322926334,5,14,1.6481375056883851,0.4666086124869228
124,5.636020359107222,1.0364763292861943,0.6718533515758619,5,14,1.6093268777956824,0.5086087828878969
125,5.636020359107222,1.0873559468595493,0.722773936774518,5,14,1.6461933520038818,0.4364232303576601
126,5.636020359107222,1.0672989327832159,0.7392398061792352,5,14,1.6014751189624925,0.40094596655266057
127,5.636020359107222,0.9640879286255214,0.6603237737674347,5,14,1.650948447342412,0.4499300734065678
128,5.636020359107222,1.0879250256870916,0.7361859927394884,5,14,1.5448990358005503,0.41425553592861397
129,5.636020359107222,1.058195156086048,0.7071486574671568,5,14,1.4466971576075947,0.3566547882735824
130,5.636020359107222,1.148033599434328,0.7538195587854393,5,14,1.5246939089913647,0.39952171442717993
131,5.636020359107222,1.1520928222118085,0.7622527458558305,5,14,1.4735506093155455,0.4022161929094132
132,5.636020359107222,1.019737298016369,0.7250973030593643,5,14,1.3346592849600531,0.40188492001609
133,5.636020359107222,1.0901389351437052,0.7203679615569568,5,14,1.3738039908927628,0.44236423265905545
134,5.636020359107222,1.115594218244875,0.7601770120565083,5,14,1.4667393985545876,0.4623693474097653
135,5.636020359107222,1.1284308688710025,0.7520356646032279,5,14,1.489865963595838,0.4626718443604922
136,5.636020359107222,1.12091352252732,0.7257542495286765,5,14,1.601884254216515,0.4827008579196573
137,5.636020359107222,1.097995878706957,0.7523920816959775,5,14,1.4247920053014895,0.4462963632260132
138,5.636020359107222,1.1336870098359066,0.7244168304109979,5,14,1.4771250280650203,0.4866009038440498
139,5.636020359107222,1.1273597893786174,0.7706376429070217,5,14,1.4406177265034084,0.4699718139959299
140,5.636020359107222,1.0413754179603314,0.7013294441596521,5,14,1.5749827095802666,0.46176854112379984
141,5.636020359107222,1.072256079837697,0.7429321937439022,5,14,1.6043313051286678,0.46390449974677694
142,5.636020359107222,1.003992481444047,0.6668411517209776,5,14,1.6050997741415787,0.45235559267885206
143,5.636020359107222,1.094241390036101,0.7426670384499519,5,14,1.626966248209697,0.4905616219559793
144,5.636020359107222,1.0429122761688194,0.6978643284526703,5,14,1.6093200897575088,0.44936047508141086
145,5.636020359107222,1.0604458009133928,0.6959011418032661,5,14,1.5737524228681594,0.42482590739671744
146,5.636020359107222,1.028299688717979,0.7137697815936143,5,14,1.5754278491310834,0.4394411758219176
147,5.636020359107222,1.009181029759344,0.7140837106239725,5,14,1.573955769391367,0.42023533128799223
148,5.636020359107222,1.0402231728925742,0.7082460931630904,5,14,1.622463592997401,0.47768478269942555
149,5.636020359107222,1.0228735417039296,0.6899691906693931,5,14,1.5415969009445136,0.4338944475397762
150,5.636020359107222,1.0669010230983373,0.7436173262925093,5,14,1.503014209865509,0.4325640933676452
151,5.636020359107222,1.0887066532403746,0.7488844613294137,5,14,1.5212210206472279,0.38562554843149793
152,5.636020359107222,1.06786303291608,0.7164380121404876,5,14,1.5467015336062602,0.4063629034110315
153,5.636020359107222,1.0089322523190034,0.6793861086048565,5,14,1.4850956034138185,0.38715172866193265
154,5.636020359107222,1.1361294659764387,0.7720284467890483,5,14,1.578048391251227,0.3575392222044468
155,5.636020359107222,1.094392576699399,0.7164434630446702,5,14,1.622316509661002,0.39402997650574795
156,5.636020359107222,1.0943214474701464,0.7605195728951244,5,14,1.6450493361280236,0.39208574199006274
157,5.636020359107222,1.062943302890466,0.7108819490090257,5,14,1.6247673958671105,0.4389971453007831
158,5.636020359107222,1.0733581076262029,0.7144337360088874,5,14,1.7056609185461264,0.3600103251748912
159,5.636020359107222,1.1412853510432615,0.7260621799834994,5,14,1.814277951123021,0.4048877572650427
160,5.636020359107222,1.0949821555471717,0.7418245756495488,5,14,1.695010716991509,0.47577711742408524
161,5.636020359107222,1.10786024785259,0.7545450840905427,5,14,1.6007960556751262,0.4532345550408422
162,5.636020359107222,1.0408874797422463,0.6840204208579881,5,14,1.7106350475344425,0.44492657364696586
163,5.636020359107222,1.0662226722800419,0.7498105589316377,5,14,1.8783461390922016,0.41742118180980603
164,5.636020359107222,1.0573162630310387,0.7192678326222931,5,14,1.9563850280631532,0.4631737206503794
165,5.636020359107222,1.0655347589952364,0.7165061884067867,5,14,2.345707026644346,0.6936122151770492
166,5.636020359107222,1.0889442103564382,0.7273222245235551,5,14,2.2363581192716793,0.6100847166365017
167,5.636020359107222,1.1244632801921814,0.7374616232574821,5,14,2.0073675767147243,0.5969100436354242
168,5.636020359107222,1.0752179576787688,0.7171243270253654,5,14,1.9428557854482973,0.5522219498644556
169,5.636020359107222,1.1442591382040013,0.7184523106030145,5,14,1.9373049573030865,0.5753388771521958
170,5.636020359107222,1.0467843315485696,0.7314549535046382,5,14,1.9183362609172985,0.571010378542054
171,5.636020359107222,1.1372760989506432,0.7761025909700637,5,14,1.9834955617307377,0.5632327807082921
172,5.636020359107222,1.154111064053158,0.7939062783275276,5,14,1.9861115304033636,0.5554823971372312
173,5.636020359107222,1.1721841936525248,0.8360888977884672,5,14,1.8588417637688948,0.5919407690737867
174,5.636020359107222,1.2118988280097032,0.8162498310690036,5,14,1.9880573083158573,0.5642208048503529
175,5.636020359107222,1.0931234628384856,0.7939297872868069,5,14,2.103620290600301,0.5491439619470316
176,5.636020359107222,1.0584050806952396,0.751983530479377,5,14,2.115977511119725,0.6024258941999147
177,5.636020359107222,1.1015314419816788,0.7488444880340078,5,14,2.0376421593560305,0.6290393987774379
178,5.636020359107222,1.0632699330740167,0.7201099575324589,5,14,2.050235323422692,0.6039217483159889
179,5.636020359107222,1.0963295596141576,0.7414563305498133,5,14,2.043779216692097,0.6179194715438759
180,5.636020359107222,1.0813396239695194,0.7596601077490477,5,14,2.1008019497150734,0.6293142565492041
181,5.636020359107222,1.1094575377738745,0.7235137991555237,5,14,2.1114949149846525,0.592248608092174
182,5.636020359107222,1.1860285531760955,0.7784665725684734,5,14,2.1056334398094876,0.5698946966768776
183,5.636020359107222,1.1506293515503407,0.7782647465000921,5,14,2.159017367112535,0.5694560723738142
184,5.636020359107222,1.1622837341779342,0.760653375234533,5,14,2.110797149809428,0.5981712100203427
185,5.636020359107222,1.2292421615671412,0.7988688462773191,5,14,2.1940072075272115,0.5753660274069434
186,5.636020359107222,1.1371449940757774,0.7698561572645675,5,14,2.1858495405886327,0.5717818962347891
187,5.636020359107222,1.0721547106107179,0.7519538422987182,5,14,1.979005441534436,0.5569401286253254
188,5.636020359107222,1.1945063040004644,0.798072754222899,5,14,1.781931350550697,0.5064295263614358
189,5.636020359107222,1.1035675287657944,0.7309975683851427,5,14,1.4161633119934411,0.41393639637356894
190,5.636020359107222,1.1112560759766414,0.7658487870516865,5,14,1.4489033786880445,0.3745114171571916
191,5.636020359107222,1.117960832138789,0.7761533581249551,5,14,1.4753040141599285,0.385961512808677
192,5.636020359107222,1.131432392920216,0.7556632114001551,5,14,1.4761065085905263,0.3666225086022689
193,5.636020359107222,1.1478493685583695,0.7331413852416084,5,14,1.494222208750835,0.35200194114241745
194,5.636020359107222,1.094202361931823,0.73282774156353,5,14,1.4527003003356256,0.4069416645767451
195,5.636020359107222,1.1008790024624684,0.7390007996712898,5,14,1.5332755691469604,0.442773315900105
196,5.636020359107222,1.1144602749178836,0.7511591179114798,5,14,1.4741536941801292,0.4562535147911181
197,5.636020359107222,1.107472114494239,0.7669409059783312,5,14,1.5418685488089077,0.410960739324329
198,5.636020359107222,0.9455221641007228,0.6484729916353948,5,14,1.5268869449208708,0.39388573534107457
199,5.636020359107222,1.0099477596930784,0.663195284231927,5,14,1.3823589862736618,0.4156609402673627
200,5.636020359107222,1.0483380864997192,0.7059246353159793,5,14,1.5336779700988024,0.3990028585897559
201,5.636020359107222,1.0448004359620873,0.6895193421620606,5,14,1.5725918062889936,0.4461407622760046
202,5.636020359107222,1.0552525768554704,0.7219623591432967,5,14,1.4795812273255498,0.3930269868081963
203,5.636020359107222,1.0604673088452332,0.6782718317053571,5,14,1.5131654573454136,0.3706566996515436
204,5.636020359107222,0.998936536006509,0.6823325092160566,5,14,1.4759970697625133,0.39000806212622974
205,5.636020359107222,1.0534341704441033,0.7168393747213708,5,14,1.435268602023949,0.4007448521209881
206,5.636020359107222,1.109924789662058,0.7321215071563646,5,14,1.3961532873206541,0.41467704062504906
207,5.636020359107222,1.071563242889588,0.7019846076644098,5,14,1.4172717957951964,0.31273936049804024
208,5.636020359107222,1.077886561071524,0.7206543107597789,5,14,1.4966981355479843,0.3426645027902444
209,5.636020359107222,1.0609386495234017,0.71761455963728,5,14,1.5633033439295148,0.3608409304540153
210,5.636020359107222,1.148879127464179,0.7914207939306305,5,14,1.5364195030676568,0.4018897076457358
211,5.636020359107222,1.1190300874430656,0.7591656695460939,5,14,1.540025331315558,0.3854651928265596
212,5.636020359107222,1.1453442565032523,0.8172735140804014,5,14,1.5660254449997666,0.47486120186404135
213,5.636020359107222,1.1666399004695533,0.7581982621757029,5,14,1.4132667077268921,0.38723171073961155
214,5.636020359107222,1.1376746637310178,0.782585694891334,5,14,1.4469080083042767,0.35197728906515807
215,5.636020359107222,1.0787820127808188,0.724826062213406,5,14,1.5002873933225744,0.3559062520071964
216,5.636020359107222,1.0519655065283773,0.6872851353968101,5,14,1.4278936670118871,0.39327918516444654
217,5.636020359107222,1.1418312821586984,0.7201385460734062,5,14,1.4840809400729102,0.38079485631141363
218,5.636020359107222,1.1097304711529676,0.7365271259310607,5,14,1.4743524246802613,0.4458345306672336
219,5.636020359107222,1.094554219144914,0.7012024958805964,5,14,1.3894770526395595,0.313711853432129
220,5.636020359107222,1.1003951859447743,0.7199658615239184,5,14,1.5158931485927922,0.3994950330267474
221,5.636020359107222,1.1269707912017666,0.7534360331356569,5,14,1.42534566330316,0.3882527116308732
222,5.636020359107222,1.1347361904862183,0.7689435011764297,5,14,1.391367235843127,0.42934403244040725
223,5.636020359107222,1.1210652246451127,0.7657104905633864,5,14,1.5137779548522385,0.4293525851809565
224,5.636020359107222,1.1712355627048665,0.7600967363775918,5,14,1.5656338379640227,0.47000438075902584
225,5.636020359107222,1.1028852307057324,0.7390168228329914,5,14,1.6268660103935668,0.4598154854772662
226,5.636020359107222,1.1069736795408913,0.7243537106914364,5,14,1.5551950668530983,0.4282770467696298
227,5.636020359107222,1.1672140276211702,0.7622096780111555,5,14,1.469779548543867,0.395557360515204
228,5.636020359107222,1.1821451704390231,0.7637866071333206,5,14,1.4056830693547722,0.39917120878897455
229,5.636020359107222,1.1563914759729057,0.7637101449220122,5,14,1.4930837631427194,0.440695249077652
230,5.636020359107222,1.1068029809479938,0.7529367191676953,5,14,1.5669723542001563,0.41904938790931323
231,5.636020359107222,1.139082787187835,0.7498118036997234,5,14,1.5306765292662035,0.45706695838436917
232,5.636020359107222,1.0974566717325565,0.7357995655871654,5,14,1.6029515124699576,0.404113035051236
233,5.636020359107222,1.1543654197516096,0.7208051515987755,5,14,1.5247961354306,0.39868755665371614
234,5.636020359107222,1.1319804376213145,0.7831230070238894,5,14,1.4911949600321295,0.4287057773760508
235,5.636020359107222,1.10162470487977,0.7370478716194173,5,14,1.5799984537880278,0.42552576862370767
236,5.636020359107222,1.076453745487507,0.7269228248893229,5,14,1.4583464285289895,0.4085041053704156
237,5.636020359107222,1.0966767612359105,0.7484234317172206,5,14,1.4925606456870382,0.3863258160867536
238,5.636020359107222,1.1614708407227923,0.7298079110318395,5,14,1.4889753473426606,0.34434700598037915
239,5.636020359107222,1.1445293867848283,0.7220237656354562,5,14,1.515049476210692,0.3930801416963876
240,5.636020359107222,1.0769081302683923,0.7574797279083968,5,14,1.5528070511633654,0.40685882851071914
241,5.636020359107222,1.1283857609833188,0.7409395589318201,5,14,1.4190081946717572,0.3502564186756866
242,5.636020359107222,1.0765873420730832,0.7275273975945546,5,14,1.437230543594485,0.4083009557894678
243,5.636020359107222,1.0556952396668546,0.739145670531732,5,14,1.3717289382181437,0.37162753911485635
244,5.636020359107222,1.1503454415628735,0.7568410123618728,5,14,1.3934315124381091,0.3165010155338535
245,5.636020359107222,1.0554607625506305,0.7033618039559564,5,14,1.3781990868489857,0.38998122041289585
246,5.636020359107222,1.1318971933481856,0.7524043012839053,5,14,1.460810561739538,0.39736813113181096
247,5.636020359107222,1.0923611777797866,0.733007656594656,5,14,1.5061830890854924,0.37839791028538927
248,5.636020359107222,1.0976206018454973,0.7452089585387305,5,14,1.4527132161140894,0.38218995236033454
249,5.636020359107222,1.1220213572044393,0.7643789124929764,5,14,1.4429529971849977,0.36754610525089393
250,5.636020359107222,1.1680616797561956,0.7790143433618444,5,14,1.462024518263153,0.4081538028990992
251,5.636020359107222,1.0554595009502636,0.6851160011910046,5,14,1.5609172091089092,0.4268379420641218
252,5.636020359107222,1.1047384614573375,0.6928862818470627,5,14,1.6092721237682437,0.5048339888387374
253,5.636020359107222,0.9551274230449719,0.6510472220294273,5,14,1.6254960122197812,0.5709062347715943
254,5.636020359107222,1.088545653965882,0.6729794195055854,5,14,1.3471550026141372,0.46077273355341913
255,5.636020359107222,1.113418343446106,0.7165925549744931,5,14,1.34460887338519,0.4051959348079361
256,5.636020359107222,1.092915784118986,0.7198718955755615,5,14,1.3748492498556113,0.43300478577871093
257,5.636020359107222,1.007066512838453,0.7038325760315253,5,14,1.4956205333353414,0.45872292536546244
258,5.636020359107222,1.0770872916090064,0.7316442355070074,5,14,1.4099272621741934,0.4468246533679505
259,5.636020359107222,1.0814208249590824,0.7352120786425476,5,14,1.3228296385447378,0.3654939858688799
260,5.636020359107222,1.0482333581533874,0.7056902637189573,5,14,1.3283914853120968,0.3474342966196084
261,5.636020359107222,1.0659037437022214,0.7265553923360802,5,14,1.3845722614052254,0.4294434334442921
262,5.636020359107222,1.0878525004416926,0.7188511584213769,5,14,1.3675385492162453,0.3690529688471792
263,5.636020359107222,1.0402463689778405,0.7069497287860357,5,14,1.3795371114248478,0.357508690948774
264,5.636020359107222,1.0290442134646414,0.6941590190697049,5,14,1.4091156297741225,0.3813400514368033
265,5.636020359107222,1.0870106804448856,0.7245191230298057,5,14,1.4665355907624704,0.4154498582695869
266,5.636020359107222,1.0619498442945248,0.7199654663559426,5,14,1.3556520816316184,0.3765447985826195
267,5.636020359107222,1.0906466657265521,0.7283419444614526,5,14,1.2882835680318234,0.358238329489116
268,5.636020359107222,1.0307382120432118,0.7146559903955888,5,14,1.2745455986765943,0.38149807568146943
269,5.636020359107222,1.0547682102006417,0.6818700118995913,5,14,1.2174636145395137,0.33351368747769317
270,5.636020359107222,1.1407733105644944,0.7830815279938702,5,14,1.1001276745185784,0.27891060033375586
271,5.636020359107222,1.100729204645512,0.7854595635887598,5,14,1.1064313514363724,0.25424636002867795
272,5.636020359107222,1.0812770774087788,0.7272718846062219,5,14,1.1372189900088037,0.281593450023196
273,5.636020359107222,1.173658479074139,0.7585095712585769,5,14,1.220464599869959,0.2955105193977913
274,5.636020359107222,1.0762403028724934,0.7394983600070033,5,14,1.374852661207852,0.3337432503047757
275,5.636020359107222,1.0387666145684913,0.7025725240381596,5,14,1.340631025537975,0.3134821876607363
276,5.636020359107222,1.1286538376979587,0.7588559082488422,5,14,1.4215756118346752,0.2915288912945656
277,5.636020359107222,1.0914780953781749,0.7121081549906977,5,14,1.46231798679109,0.3612702190520566
278,5.636020359107222,1.0799180858216115,0.6962197382041122,5,14,1.3609979533503955,0.40598524132116054
279,5.636020359107222,1.084017971062247,0.7474105144629264,5,14,1.2767188981092161,0.33307147566894685
280,5.636020359107222,1.0604024620012336,0.7115348644306403,5,14,1.2916895671568251,0.3185247147219735
281,5.636020359107222,1.0736036178567778,0.6874800765925316,5,14,1.3860330203276794,0.3587331191328694
282,5.636020359107222,1.0735777492710346,0.7429664828454937,5,14,1.3699203244960223,0.36622410928504884
283,5.636020359107222,1.1604346941597827,0.7603860432977465,5,14,1.3082595805810713,0.3415637949089771
284,5.636020359107222,1.0420012387166657,0.6823570979451219,5,14,1.2372292215110527,0.31137820351465256
285,5.636020359107222,1.1966398505954963,0.7482526585719975,5,14,1.2473201969861576,0.28362139259396213
286,5.636020359107222,1.1463982937976387,0.7351509568344752,5,14,1.2710983510216143,0.2992402675147611
287,5.636020359107222,1.1212030097644028,0.7728885020200915,5,14,1.3098530278205367,0.3360910433261493
288,5.636020359107222,1.1545558554681437,0.7773973144694,5,14,1.3431963718828974,0.35274310680726356
289,5.636020359107222,1.1461979671228448,0.7888418217817791,5,14,1.2831942868115722,0.36465467699892506
290,5.636020359107222,1.1594098973532403,0.7293821540102112,5,14,1.340251199570509,0.36529767885838493
291,5.636020359107222,1.0447984881627654,0.7065455409551685,5,14,1.2765683890172348,0.31042392802444974
292,5.636020359107222,1.1408271886420223,0.7445669794364381,5,14,1.3337686760543168,0.32689948367863314
293,5.636020359107222,1.120333143673475,0.7697037949251453,5,14,1.324979501438949,0.37598565227935055
294,5.636020359107222,1.0426479464196627,0.6995235503166795,5,14,1.3432522861167924,0.31607235592092514
295,5.636020359107222,1.195762743677451,0.7601064311846522,5,14,1.3805257982419477,0.3292913951935764
296,5.636020359107222,1.1678812373696597,0.7956776608391479,5,14,1.4243132039388298,0.3324512763311829
297,5.636020359107222,1.1885497639110065,0.7516928382220913,5,14,1.4441205755685322,0.38097923247478
298,5.636020359107222,1.0627271793830135,0.734468241803157,5,14,1.3992680002611115,0.39691509719333185
299,5.636020359107222,1.1173300306860827,0.7246665502026015,5,14,1.4195866742814318,0.3744371093958945
300,5.636020359107222,1.2076419274757848,0.7922139877532254,5,14,1.5164970008161687,0.39750575681095457
301,5.636020359107222,1.1360157292182012,0.7386602846703647,5,14,1.4415382884821628,0.3476708256224671
302,5.636020359107222,1.0829205903520067,0.7590733352712264,5,14,1.3725443777333228,0.38043403381939467
303,5.636020359107222,1.1701132658325033,0.7897872152255772,5,14,1.3873206531295208,0.3460918994031247
304,5.636020359107222,1.1015005054039622,0.8089984377393517,5,14,1.3316304441490443,0.3271335029909442
305,5.636020359107222,1.0754300696576058,0.7232783077250388,5,14,1.3583346714684537,0.3287846328684348
306,5.636020359107222,1.1420071589163083,0.7414358832641318,5,14,1.284313324824607,0.3387866569155955
307,5.636020359107222,1.0716474552055606,0.7495076837676451,5,14,1.3504174143235985,0.3620178587494746
308,5.636020359107222,1.1570007448797834,0.7619150529931874,5,14,1.4850906105837447,0.43234237612527787
309,5.636020359107222,1.1526291743135786,0.7641539187325557,5,14,1.5580988160019824,0.4767524485061807
310,5.636020359107222,1.1626084008595778,0.7754300838529102,5,14,1.9480612628434006,0.8268482131437037
311,5.636020359107222,1.1129468352700373,0.7693239965906048,5,14,2.3473321401052436,0.8320140214841307
312,5.636020359107222,1.0911565590929988,0.7055251033385387,5,14,2.0681872650741346,0.7446122533460657
313,5.636020359107222,1.085749915407813,0.7236803270409026,5,14,1.9697529636362616,0.7939641810608141
314,5.636020359107222,1.14002041930812,0.7138687674531236,5,14,1.9882911531293355,0.7693402065190454
315,5.636020359107222,1.082265737494717,0.75362575590987,5,14,1.9310397583905716,0.8036387962017395
316,5.636020359107222,1.086352145836845,0.767175561662269,5,14,1.948744493160255,0.8300565198208806
317,5.636020359107222,1.0751197421920464,0.731202749974126,5,14,1.972286350479775,0.825971570047924
318,5.636020359107222,1.1194479681659197,0.766145961212786,5,14,2.0406639962815567,0.7793103298578608
319,5.636020359107222,1.168694518299942,0.7817276310340032,5,14,2.0551376813106543,0.7860623342546845
320,5.636020359107222,1.0668240604562191,0.7253597152532932,5,14,2.177178293861544,0.82304581820935
321,5.636020359107222,1.0435313568200448,0.7818504745403874,5,14,2.1889736246205866,0.8056317541759318
322,5.636020359107222,1.06209207438724,0.7303626094896067,5,14,2.0998749917176256,0.7299739385478446
323,5.636020359107222,1.117406974978013,0.7835628111987865,5,14,1.9441401486396954,0.7057200035007885
324,5.636020359107222,1.1199199473441213,0.7611721315231563,5,14,1.8808779767053796,0.7446703018936423
325,5.636020359107222,1.111735763501567,0.7864821646872138,5,14,1.8719318307277446,0.7398171861452971
326,5.636020359107222,1.1419084264477162,0.7943587185671526,5,14,1.8902524605690418,0.7613516519806522
327,5.636020359107222,1.1358447001684475,0.7690567955966641,5,14,1.886464646747471,0.7564961181730385
328,5.636020359107222,1.1965853135617863,0.8553812543374613,5,14,1.8693402520693865,0.735201316867813
329,5.636020359107222,1.0960645919701149,0.7660570385428894,5,14,1.9021901455477697,0.7517816885175694
330,5.636020359107222,1.1171874286779295,0.8045456179774864,5,14,1.879328838800357,0.764261964026756
331,5.636020359107222,1.0868612157464672,0.7990462321610399,5,14,1.9134395565642721,0.7334171717225015
332,5.636020359107222,1.1169664632615748,0.8040122940736346,5,14,1.9583630058933352,0.7496813391431751
333,5.636020359107222,1.0285876964272611,0.7837088830830906,5,14,1.9756652007093871,0.7467270925883243
334,5.636020359107222,1.0052726252634054,0.7159755974258191,5,14,1.9692856498333333,0.7404638853549795
335,5.636020359107222,1.037452512160877,0.7640223784625976,5,14,2.028295082593073,0.7422773862139012
336,5.636020359107222,1.0995141507046082,0.7672387850324809,5,14,2.154634960742139,0.7520342460924411
337,5.636020359107222,1.1470606762468203,0.7743590702913251,5,14,2.02995381255839,0.802940002665362
338,5.636020359107222,1.1049150635862328,0.7791631871882064,5,14,2.129809405209414,0.74277877212669
339,5.636020359107222,1.153524274985063,0.7914645936557972,5,14,2.1647412361835974,0.7279453238419373
340,5.636020359107222,1.1390241827139147,0.8134614492425107,5,14,2.1291757048660678,0.6971510876063648
341,5.636020359107222,1.1057465367662556,0.8015230348227295,5,14,2.1157538731178707,0.7014879839561031
342,5.636020359107222,1.0932410165607227,0.7838672626020069,5,14,2.1587064538840846,0.7223185731729983
343,5.636020359107222,1.1699086328085264,0.813801990230553,5,14,2.1617269334842546,0.7858458567855218
344,5.636020359107222,1.0663857783408888,0.7264208680754148,5,14,2.189563992440938,0.7345308550725989
345,5.636020359107222,1.0144694308520643,0.7166258208740335,5,14,2.225431475700615,0.7206460569161517
346,5.636020359107222,1.0234330743268725,0.752965498051195,5,14,2.206628601201591,0.7238753701303324
347,5.636020359107222,1.0609650986420296,0.7517242941351145,5,14,2.1858544075002095,0.7664577699723716
348,5.636020359107222,1.1089625981278457,0.7768172196738368,5,14,2.093209869833034,0.7160662424635369
349,5.636020359107222,1.10407746486887,0.7772848576167807,5,14,2.1417660649772574,0.6960378129719658
350,5.636020359107222,1.132706032036173,0.7677553390301664,5,14,2.077521645932787,0.6908133659180068
351,5.636020359107222,1.0688564760087245,0.7786513135650066,5,14,2.0712967758857053,0.6941174308971741
352,5.636020359107222,1.1200864407556916,0.786824331575784,5,14,2.130416511009177,0.710018164910083
353,5.636020359107222,1.121921552861239,0.794926361863232,5,14,2.160393391493857,0.7410219378665817
354,5.636020359107222,1.009339206832788,0.7509131992060522,5,14,2.148532635203173,0.7733403123683751
355,5.636020359107222,1.0964471975167094,0.8574275533230807,5,14,1.388481211076773,0.3272817138941251
356,5.636020359107222,1.045849783704329,0.7544069822864676,5,14,1.441189447187658,0.31830126544715637
357,5.636020359107222,0.9996700477274121,0.6883197057547635,5,14,1.4787847083422705,0.35449472895296485
358,5.636020359107222,0.9864973251403473,0.6961793710853706,5,14,1.4218284473590515,0.3023290755693405
359,5.636020359107222,1.0182410906650952,0.6804424996112274,5,14,1.4987985690331922,0.3246042657442913
360,5.636020359107222,1.0035812916923634,0.6734653273129512,5,14,1.5594303706795047,0.38199077278855004
361,5.636020359107222,1.0497433975727046,0.7175559614883157,5,14,1.588656671700984,0.37539381975671865
362,5.636020359107222,1.0151155867123702,0.6759853322165511,5,14,1.5656423139507678,0.4086455227394031
363,5.636020359107222,1.0466349001910784,0.7241710536672075,5,14,1.4280242144959363,0.3201806275141388
364,5.636020359107222,1.0838030646514074,0.7158749942859579,5,14,1.4198871578494427,0.27664707532464644
365,5.636020359107222,0.989367105379907,0.700258278009889,5,14,1.4264977332077742,0.3272910000132038
366,5.636020359107222,1.0815877320936889,0.7897022377783937,5,14,1.4925045713705372,0.3240848411216599
367,5.636020359107222,1.1413907685569689,0.7648865373260598,5,14,1.547907809949105,0.39356298606483586
368,5.636020359107222,1.1570114535992633,0.7568939606804037,5,14,1.6231850139555823,0.3345094695397375
369,5.636020359107222,1.1510913733586243,0.7525380507242933,5,14,1.7414633276576457,0.3941019647951858
370,5.636020359107222,1.2051474204896275,0.7814716448901566,5,14,1.718394941936237,0.46504038662467717
371,5.636020359107222,1.1041314874473986,0.7459808743851872,5,14,1.5984624721534442,0.46595784159727854
372,5.636020359107222,1.0830137977484704,0.723420748845778,5,14,1.7153215961986445,0.42476076033186927
373,5.636020359107222,1.0749010824512644,0.7003649043900331,5,14,1.7229704217393913,0.4675813030574548
374,5.636020359107222,1.1030948910904619,0.7280246588697836,5,14,1.6535846609061893,0.46888193880486406
375,5.636020359107222,1.11276383647479,0.8311879131259845,5,14,1.591926753680853,0.4305875761546951
376,5.636020359107222,1.1254656875392401,0.803270541022513,5,14,1.6378866105762084,0.42574736572005845
377,5.636020359107222,1.0970913307541525,0.7529760583741323,5,14,1.5793437239498942,0.4826834675541813
378,5.636020359107222,1.0873004136282987,0.7425657772930135,5,14,1.5985428111709667,0.48558564561795703
379,5.636020359107222,1.1117627896593492,0.7415652757686104,5,14,1.631473771476848,0.5003996050279566
380,5.636020359107222,1.078881578104551,0.7622150534118652,5,14,1.604779539815671,0.4835852551682087
381,5.636020359107222,0.9938107890756733,0.6797900615933437,5,14,1.479903815545383,0.38755299935686305
382,5.636020359107222,1.0402728194211361,0.7120246978394768,5,14,1.492623810120856,0.29939283851986875
383,5.636020359107222,1.0703818789662332,0.7130685922458296,5,14,1.4390104271334503,0.2853225906066016
384,5.636020359107222,1.0262834431980261,0.7033038078730216,5,14,1.4559766548700752,0.31300423865963595
385,5.636020359107222,1.0946460648311196,0.7267890221722006,5,14,1.5174940901932104,0.3656677384693752
386,5.636020359107222,1.0933672655836066,0.7295689876975966,5,14,1.5088811097175723,0.4401816874643349
387,5.636020359107222,1.1331397270103143,0.7417464019367528,5,14,1.4305736427336146,0.4296904209392745
388,5.636020359107222,1.1315041479268246,0.750962664424939,5,14,1.3164989872347554,0.32290329680163976
389,5.636020359107222,1.1412460401882354,0.7315554630943544,5,14,1.4636065982366637,0.34497430230406745
390,5.636020359107222,1.1366863722156217,0.7821168345377753,5,14,1.4501608285038887,0.32542616733196295
391,5.636020359107222,1.110102751621183,0.800562652768216,5,14,1.4957915141660258,0.3155194192792993
392,5.636020359107222,1.0620481642943527,0.6839233960438735,5,14,1.6044764510449976,0.36429277952163436
393,5.636020359107222,1.0660406347012974,0.7343492361104326,5,14,1.6117538912710114,0.39946382404074376
394,5.636020359107222,1.041919450419104,0.7081332573424075,5,14,1.4968303298667947,0.4775417849331273
395,5.636020359107222,1.0335087379001857,0.742616258380889,5,14,1.35426682310252,0.46820786617153387
396,5.636020359107222,1.0762221775510001,0.7141921040083016,5,14,1.4318270256011834,0.4998261406341056
397,5.636020359107222,1.0997147498686706,0.7399986895207461,5,14,1.9890273962092688,0.8829691813935343
398,5.636020359107222,1.1523910204383732,0.7530585151512016,5,14,2.2318007362008823,0.7699457876871175
399,5.636020359107222,1.0935879456763224,0.7912789737780694,5,14,2.029858604967747,0.6743987557161137
400,5.636020359107222,1.1617411994213593,0.7592260703659314,5,14,2.0881328108925796,0.649937830155864
401,5.636020359107222,1.157233781637151,0.8330742281860326,5,14,1.996983149849419,0.6949427359050597
402,6.01,1.17080095521831,0.8429537502899938,5,14,1.8389968371007654,0.7418668304437052
403,6.01,1.184347933718279,0.8006915648442984,5,14,1.8341710319693962,0.7336916504814385
404,6.01,1.1172643643047964,0.7943460666118952,5,14,1.886509658528142,0.7053365046096177
405,6.01,1.1031227316443253,0.797128591153819,5,14,1.8867686219449467,0.6461317829673418
406,6.01,1.1240531720962041,0.8318740043898374,5,14,1.8899775461389645,0.5971694934047634
407,6.01,1.2405667639551996,0.8453461729714673,5,14,1.9074852873731012,0.5767221105844225
408,6.01,1.168349874643769,0.8561898359577391,5,14,1.8128266250203717,0.6475556410010527
409,6.01,1.1402720287628412,0.8226205275521636,5,14,1.8174725752607563,0.6447476438855665
410,6.01,1.1008508424984393,0.7833782389220731,5,14,1.8134484425291602,0.6752118829469146
411,6.01,1.1920274490041096,0.8535884191823485,5,14,1.8311153747315077,0.6805990507407976
412,6.01,1.174069689311141,0.8328786465768545,5,14,1.8772211005673782,0.6189460741363052
413,6.01,1.1035067035379584,0.8101235929472201,5,14,1.8520425501395175,0.6627067311285354
414,6.01,1.1435953282939113,0.8087362119650674,5,14,1.8247416070933302,0.6542902201677407
415,6.01,1.2159886780530236,0.8443432114048024,5,14,1.7555881700881364,0.6907695798982271
416,6.01,1.1984426212241392,0.8340913401124596,5,14,1.8010096598180119,0.6661432891002768
417,6.01,1.2246897651930508,0.860256023751148,5,14,1.7943877668221722,0.6791867957095339
418,6.01,1.230561862968825,0.8487564087098508,5,14,1.8175853491223641,0.6652194966918119
419,6.01,1.1421670788865992,0.807550205222999,5,14,1.857194219197505,0.697474077346438
420,6.01,1.1365403711163928,0.8226685867991061,5,14,1.8463842415763825,0.660062362302684
421,6.01,1.145719389258211,0.8451614591444557,5,14,1.8851729535541992,0.6828591925914398
422,6.01,1.1141823561503406,0.7923829920672243,5,14,1.8724788071756504,0.6288272897731855
423,6.01,1.1285497497237382,0.8316647299194271,5,14,1.8303957820202315,0.6515212460083443
424,6.01,1.1616160845013084,0.8309462028659825,5,14,1.9276586576787238,0.6265769525843091
425,6.01,1.1207537896528794,0.7847284949275458,5,14,1.9067511823262315,0.6198910986364422
426,6.01,1.1031985007005325,0.804709213991232,5,14,1.8670812913540538,0.6304944710988377
427,6.01,1.0719464501715414,0.8057535530906045,5,14,1.8275827521667414,0.6344931313779533
428,6.01,1.1670722097382498,0.8528755129582485,5,14,1.2593013590452953,0.37200732476106696
429,6.01,1.1757229841107975,0.8235685662414198,5,14,1.3294625785557148,0.34011483611079363
430,6.01,1.0872151523529396,0.7396703807186165,5,14,1.2556551849462163,0.3149461174950422
431,6.01,1.1629462765618332,0.7821126294068527,5,14,1.312715765845185,0.34054110293330697
432,6.01,1.0963263877557488,0.7484188485115871,5,14,1.2928260264514326,0.34217065033176397
433,6.01,1.1704538962354774,0.784694462882279,5,14,1.404871958255999,0.368667530165137
434,6.01,1.176246018614935,0.838275454952218,5,14,1.3606415049659997,0.3646964814093251
435,6.01,1.1527666067356932,0.7883662795927145,5,14,1.3487587601066466,0.3691030253108649
436,6.01,1.2575767757093932,0.8345301237220076,5,14,1.3225841004775278,0.36005893433672376
437,6.01,1.0932550058843176,0.7567764309892773,5,14,1.265050506781526,0.35993529651009726
438,6.01,1.1481167973974746,0.7866089901735475,5,14,1.2643438028107035,0.2935637178497386
439,6.01,1.182469947673391,0.7802204161194162,5,14,1.2619173897935958,0.34340264869780673
440,6.01,1.0942767578342263,0.7605889141161415,5,14,1.2189897422223461,0.295346072376386
441,6.01,1.0869081127997773,0.7570173615548158,5,14,1.2710156074930201,0.3500541204603796
442,6.01,1.110346043120205,0.7763785106175742,5,14,1.2300192287555884,0.3123379190290385
443,6.01,1.109829158928911,0.7410346555991127,5,14,1.182565617020208,0.3078522299722886
444,6.01,1.1223242829921982,0.7720135596696741,5,14,1.2034987397483452,0.3038840957882967
445,6.01,1.110104087837715,0.7261281677484188,5,14,1.2583927867362332,0.3076552142453573
446,6.01,1.111947569329967,0.7280436201457932,5,14,1.2916835813764953,0.28552340993079256
447,6.01,1.1591249807197364,0.7827350684404387,5,14,1.356598534209605,0.3530913102738331
448,6.01,1.1556584895474755,0.7828701198420724,5,14,1.304576387280442,0.36454862420456235
449,6.01,1.0465479860354494,0.7079086233261086,5,14,1.3476952861637135,0.38740561105406895
450,6.01,1.1065200986094965,0.7510852966841483,5,14,1.4262403348961894,0.4322666656445572
451,6.01,1.1879219609114422,0.8141102387691279,5,14,1.3257917502452012,0.40881048389121
452,6.01,1.120964069925755,0.770757715763367,5,14,1.3158436235760589,0.337185564567284
453,6.01,1.1286846652988791,0.7452086493877272,5,14,1.2961741545749592,0.35104455992354
454,6.01,1.1579446033697252,0.8117769236402705,5,14,1.2421382273637807,0.29917510103095246
455,6.01,1.2180588942232988,0.8446476539012888,5,14,1.2962947383953365,0.320938122732114
456,6.01,1.1452117672671156,0.8203717348156817,5,14,1.315524874790426,0.3642688825241614
457,6.01,1.1538256732867564,0.780777090705398,5,14,1.3380856261581526,0.37586533713104936
458,6.01,1.1132505666227241,0.7741174019428808,5,14,1.3643596782978635,0.36665981615978704
459,6.01,1.108742317644847,0.7447183391580993,5,14,1.5015607934019712,0.4323022390572171
460,6.01,1.1235907458689016,0.7775435894576598,5,14,1.4016006949208155,0.4363834892766305
461,6.01,1.136431980807044,0.7592687595919415,5,14,1.3956600682193718,0.47966247952312696
462,6.01,1.2049370293413504,0.8388598730909638,5,14,1.4485120773465745,0.49317785556542876
463,6.01,1.2300738341824213,0.8483789170675239,5,14,1.5666047788483404,0.5180537594579052
464,6.01,1.1735594239721474,0.8363730988088801,5,14,1.4137919289806693,0.4726778653589622
465,6.01,1.172215544553386,0.7967862838819526,5,14,1.4761353800681243,0.4565166233287935
466,6.01,1.1713255792241417,0.8176228151741219,5,14,1.56533845647436,0.5125977846791705
467,6.01,1.1099859585173475,0.7671146670940651,5,14,1.5234886509235177,0.413927646468172
468,6.01,1.124738905707109,0.7759377939434531,5,14,1.5954425110692756,0.5147904367896466
469,6.01,1.0903183352437258,0.7848654668059749,5,14,1.5817149512434288,0.534864190134986
470,6.01,1.1968359900050105,0.8191307019368069,5,14,1.5733144185621188,0.5378746301028712
471,6.01,1.1450878994430669,0.7620900311755724,5,14,1.6747292824059161,0.549238232598208
472,6.01,1.1343094187546152,0.7765207247697672,5,14,1.5861134986598684,0.5423746667226929
473,6.01,1.1956574509118885,0.805709227773744,5,14,1.434906468357687,0.4774859466311741
474,6.01,1.1640328028413338,0.7626853040775093,5,14,1.4615904057487574,0.4619534012638759
475,6.01,1.17885384542649,0.7923792827656712,5,14,1.565314777003769,0.5172329357495237
476,6.01,1.1546476771340284,0.8425210278917952,5,14,1.431163949998649,0.3293980838046679
477,6.01,1.170604471364283,0.7872627795243541,5,13,1.3418306659450028,0.329064185915589
478,6.01,1.1736278347123217,0.7719370970877926,5,14,1.3461882916963424,0.3204356454548599
479,6.01,1.148387956321352,0.8372925959618676,5,14,1.3800926139854413,0.3428839687052706
480,6.01,1.1379679214391554,0.8052945886475005,5,14,1.4134126011696608,0.341565739074291
481,6.307469919715553,1.177473349705259,0.8247493109387611,5,13,1.347051731865013,0.36414297781183186
482,6.307469919715553,1.0610401837280774,0.7489764447184865,5,13,1.3049798516741482,0.3529943687355852
483,6.307469919715553,1.1450295641903863,0.7969607801243407,5,13,1.3184570758989915,0.27471574901404644
484,6.307469919715553,1.1538719881329225,0.7813226993087425,5,13,1.383066453630652,0.26968819367243607
485,6.307469919715553,1.2009516077766724,0.8133293459837475,5,13,1.3706349888070761,0.2930520421052894
486,6.307469919715553,1.2284811203156223,0.7812188646922975,5,13,1.446814355958459,0.31125458905972186
487,6.307469919715553,1.176304346867299,0.7727660225362626,5,13,1.423037119214889,0.3386363525661105
488,6.307469919715553,1.1754155647717297,0.8177006866385603,5,13,1.4471715664899725,0.3758268456633838
489,6.307469919715553,1.0789588867782982,0.7609834141052101,5,13,1.487795028881394,0.39659122505061534
490,6.307469919715553,1.1200598697235769,0.7783739992755896,5,13,1.4834277914825151,0.34832300554344964
491,6.307469919715553,1.2546738502671482,0.8279823086836358,5,13,1.563306821323048,0.359607997063901
492,6.307469919715553,1.2204600108579506,0.829506598785799,5,13,1.5006633743007416,0.333885550147818
493,6.307469919715553,1.2627150228223498,0.8142171925728335,5,13,1.5455161393504717,0.3458216833748099
494,6.307469919715553,1.2459138745904117,0.8273751438776434,5,13,1.5539127806316346,0.32458384945819074
495,6.307469919715553,1.2287603439287382,0.8706415436767673,5,13,1.583529611160514,0.3758303300849478
496,6.307469919715553,1.1016989802848856,0.8066967367192279,5,13,1.6018288647196433,0.44643479459859753
497,6.307469919715553,1.1196481738216497,0.8157691738856621,5,13,1.520894797240588,0.38569365121436944
498,6.307469919715553,1.096363992738901,0.7621334287849868,5,13,1.5200214438911406,0.3741781656772327
499,6.307469919715553,1.0952569424192684,0.809404294135728,5,13,1.5340374219219715,0.36085241398918483
